1024
4752
6774
4061
411
9984
2184
5765
9935
7291
1920
8961
2230
4227
2893
7943
2060
9025
3141
140
8658
8878
1305
6372
9617
7287
9737
2900
3539
5469
3238
4424
4774
9913
3037
9637
4549
5122
5402
4485
6965
1874
3446
9095
653
891
1690
2614
9816
9283
2654
8474
2814
3859
9398
2431
5698
9136
9783
3789
9157
7573
8113
3931
7486
5703
3568
6588
825
3523
1073
2342
9849
8971
5990
5055
4414
7580
7569
8782
1516
4775
1908
4230
3186
1306
1213
8784
4994
996
2573
4152
3121
5238
2635
5160
941
756
1748
6218
8731
7273
3113
3232
896
9003
8187
5210
1235
5756
3992
2651
5083
452
6781
8169
1658
7894
1605
6553
3442
8630
5257
6464
8421
2444
1624
3914
3100
3272
133
6383
545
3146
9516
1341
6701
7703
1103
7836
8012
9547
488
3095
9899
7169
5817
6109
5064
7322
2662
3058
605
2471
9422
8926
4816
5598
2840
2468
8770
7425
8752
3867
5123
2920
9660
1824
623
763
9561
3187
4862
9949
6183
4761
1770
6552
871
1386
3874
7985
4345
8931
5009
3767
7857
4377
3918
5250
6745
2688
7227
149
1108
2351
2969
768
4075
8045
5984
8188
1232
846
2789
1967
160
4460
8419
5483
5746
6846
8020
4643
5777
7581
2963
8187
1958
6781
7989
3256
9369
5216
3305
5029
7467
827
5698
6095
8772
6234
4283
4556
1632
6973
1076
6244
5985
9395
6279
1731
893
4300
927
6571
6433
3790
9310
8292
571
7299
1548
4492
2515
9305
9422
9883
132
9672
630
3456
558
4813
7913
2090
6338
3541
8235
2323
2936
9066
8507
3730
7918
9334
4853
4352
7676
4163
2644
8147
1462
8644
7191
3877
7949
6613
8312
7982
937
8842
5990
1395
8208
8455
3386
4546
1996
6173
1422
9385
5239
4481
3115
3158
8367
2520
2062
6043
6583
4606
8742
2597
7802
5933
1026
5751
2547
9239
8285
3384
2733
4276
9232
941
7283
2618
9940
9180
3343
1362
8565
3134
395
6232
844
8662
8652
2806
9257
9787
7312
7999
2384
9666
3932
3310
5418
1031
7101
8255
8868
9735
7083
8100
676
4367
5270
5168
8099
8513
1082
6664
1647
1377
7448
6944
4591
752
9650
3848
539
1615
1847
7375
1281
5680
685
6599
6611
2339
9407
5479
2074
6490
8131
7202
5409
3401
2371
3508
1914
7905
4724
8014
9183
2172
9510
3774
2824
9160
2175
7815
775
3922
5190
1957
4154
428
3108
766
2667
7067
797
9193
3558
8829
6395
8867
6782
3318
2376
3249
1224
7000
5815
4959
3725
5325
3285
1101
4485
5360
8817
5161
9183
8559
1670
3337
3539
9230
8555
6106
6298
3905
9851
4408
7286
899
7827
4068
4117
203
7217
9793
1756
3032
4752
9933
8257
7938
1034
7295
3298
4403
7008
7033
7515
3230
4923
1054
2460
3478
1713
3310
1935
1564
7618
9121
2363
5446
7742
1033
201
4959
826
6409
2544
5479
994
5353
7969
6481
2648
5819
884
9556
2853
8299
2786
2328
9254
9699
358
967
3009
2194
6983
5180
5867
9247
5178
3609
280
9831
3121
5558
6241
5565
5589
7135
918
3558
8168
8019
9278
8953
2227
6683
1904
9466
3563
1158
9165
3821
6577
6726
5915
8113
1906
6335
2012
1636
9844
6744
1468
2965
2302
2261
3082
7792
3948
3901
1350
2117
6472
5180
1070
8599
6415
2874
8065
9878
8485
1882
8252
9614
8509
8719
7727
4967
5054
4291
6504
4899
1035
2524
2416
3238
4685
5399
1030
8533
3852
6832
650
324
6565
1620
3475
7532
8947
1541
2063
2084
7875
315
1698
6384
8934
3978
5904
3989
8169
6960
3440
9105
9384
408
6895
4069
5707
2477
2602
4111
9209
3153
4335
426
9225
7711
7859
2824
3804
9822
4808
1679
137
1059
2616
3623
4937
8420
2164
7658
9932
5504
1415
9316
465
2862
7937
6072
5239
539
184
9001
8144
8971
9327
2022
1334
7186
4746
9590
1660
9455
1270
6249
5066
8338
9773
9903
1410
1937
2213
1342
1994
8081
658
2359
943
8495
2983
6083
3586
7619
5084
1731
1243
8963
8205
7029
802
2951
6620
2362
6958
2442
3164
2024
780
2937
6479
2090
9326
3245
3332
5872
1326
8442
2783
6721
1589
319
2804
5075
7838
2440
1358
3633
5956
9463
663
6658
6967
7183
3572
3925
4177
6636
502
4857
4125
6881
1499
3452
126
9283
3876
5904
7725
6560
2626
9214
6779
9882
8841
9169
6875
4752
2803
2831
4215
7918
4041
5734
9653
7513
4212
3830
8702
4614
3239
2827
6047
4638
831
726
3921
4608
6530
6198
5720
3708
5412
2499
8143
8805
1668
5018
3557
8923
2401
2325
1493
6342
7959
1146
8407
6723
9428
7109
1337
2667
4489
7285
1857
5220
2563
5678
4380
3645
1876
100
7254
1840
7051
5397
5198
8620
4967
8655
2195
7268
5532
3589
3610
3492
9187
6569
215
3268
3679
6005
487
2720
7842
2245
7840
405
2475
6773
3950
8804
1425
5756
644
8377
5705
394
1649
672
8950
3744
7840
9034
1885
6002
7078
5625
7124
7194
8793
803
7751
9180
7975
5593
5977
467
550
8353
7140
8952
7157
8466
4709
2353
6843
414
2648
3044
5539
6150
1340
7931
5184
3126
8486
2263
3303
5610
4009
6648
965
6312
480
8840
6457
6358
9207
6907
9263
1000
511
6420
9366
9672
3325
861
4639
5873
3805
178
6575
9597
8009
6312
2723
1147
3127
578
6657
7036
7126
2174
7900
2159
1014
4357
3069
4774
5816
2332
5674
6227
3304
9592
5900
6529
453
539
6955
8710
5169
3530
8307
3178
9742
5583
8778
2869
713
5435
4457
2392
2162
2357
4451
3076
6614
7420
2402
2430
4304
7976
3210
7508
7568
9010
8589
2573
4101
5544
1283
9170
8975
4143
6900
3369
4278
5678
791
4891
5666
9700
7183
7728
6610
6186
5356
7776
8158
7659
207
2462
5635
7869
4522
7756
6879
3112
329
5532
8556
6065
4702
2183
208
1602
105
8938
1833
796
3829
2051
5048
5565
9679
1658
1751
9587
9335
9810
1898
4094
6824
2086
1963
5899
9742
3394
8911
9971
8826
2119
6036
8080
4203
796
4234
8760
9634

