1024
5798
9008
6663
965
9460
3448
4759
644
4906
3947
7383
8508
1138
4089
891
6895
2092
2067
8289
3284
2396
3724
2885
8929
849
9603
852
346
7337
6119
9406
3135
5127
6069
8553
4587
4069
3312
9683
3527
1811
7066
2036
2849
1156
2827
4296
7700
9347
2585
985
1743
6209
3770
672
1610
7925
5976
1856
5262
2095
1263
2949
7123
1884
1502
6262
506
9266
5946
3933
1077
3012
521
3826
8620
7801
2675
6321
7148
5160
7206
8791
5922
5528
4016
7432
8005
9892
3841
3267
6540
5004
6116
3663
1440
2171
4477
6398
1437
423
332
2415
7888
5305
793
1160
3106
7920
2033
4806
3081
3791
8150
3555
9219
2166
987
7224
6610
4728
5043
7702
4284
5712
5917
277
7783
395
6575
9120
5270
1459
6087
7710
6665
1433
8771
4323
9253
804
9030
6886
4496
1832
441
8267
8450
5881
144
9612
5161
9639
7315
9346
5351
3232
4175
3134
3527
750
6807
3350
2110
2894
1060
3327
8779
4383
7550
8033
9640
1232
9471
8688
2964
9813
6955
1414
346
1651
1027
5407
1291
2894
9305
6542
6026
3480
4229
4106
8683
1036
2008
5345
8382
2968
8572
7162
1904
774
9747
1544
1907
9218
4784
9323
3683
6291
5290
3929
7843
869
9237
3686
3663
8542
4780
4241
6575
8909
8247
5258
9845
4807
603
8228
7676
3727
9942
4132
4401
9689
228
860
3559
4912
4736
1795
1203
9926
5624
3598
5347
9413
7184
3562
2608
1965
7703
9083
5426
603
8893
5272
5310
9396
8052
7538
3123
2646
6222
2076
6887
6350
2837
446
1262
2125
2141
6918
2051
2318
516
1950
1731
7601
5412
4239
4118
7667
3322
9444
8170
2215
9268
8033
6163
1972
223
3838
4518
6346
467
1405
2696
7756
1752
8411
9781
8345
9881
6384
663
397
8234
2295
2550
8198
1086
1220
5865
8861
665
8588
5628
4485
1273
1792
6358
1396
182
876
7642
549
6734
4891
8205
3038
7854
2638
1383
7735
8922
6499
8032
7156
3346
5135
5354
4332
6255
5772
7745
1472
4360
3374
5858
5533
9618
6768
1481
9700
2196
3676
4802
8830
3119
7559
6420
973
198
7704
3260
9020
8755
5844
829
6653
979
735
5537
1787
6407
3283
3159
5319
6557
3569
5404
6175
337
6786
527
6986
5014
9781
5816
8033
7341
2237
8906
7439
4493
2166
1111
7800
7910
1840
4453
3442
7028
9890
5129
3435
3173
2840
3307
4282
6310
8611
457
1199
9949
5437
8085
4963
5218
3902
7548
7111
691
1106
4550
9636
7724
214
7436
287
6506
1889
3629
3534
6331
3310
1522
9405
6050
4729
3687
2360
7892
8597
3460
2494
8586
1545
2009
8356
9899
9458
5468
5142
564
4570
4778
8189
4684
6766
8376
1191
3207
6557
9177
9439
9767
699
8844
5817
9880
7083
8078
7773
332
6090
267
8818
2187
2176
7175
6639
6186
7195
1781
6651
1765
1112
9392
6350
7778
7768
2093
986
8877
1270
4977
8644
1870
8373
4461
1750
5456
7091
4075
341
7733
8794
9059
9821
5523
886
6460
1709
7981
2793
2912
9647
3805
2304
649
1584
4624
2642
7022
3501
8364
1999
6697
4786
372
1159
1089
380
2802
5064
621
536
8411
4233
4909
3934
9571
5921
195
2205
8614
7560
6404
2420
9764
6953
8456
8941
4147
5478
6994
7063
2029
3692
1850
6853
9303
2839
7133
6657
2455
2307
7093
866
1092
6554
9252
663
2475
9348
2768
5642
6908
9072
7962
1324
677
1070
4817
9276
1100
6364
6340
3029
9956
8090
9782
3911
5481
1567
568
7836
8326
2214
3255
9318
3320
2507
4534
5696
6407
1854
5890
7867
5479
8404
9092
6056
9374
8461
5333
474
4825
6225
7955
4781
4315
7737
3244
9696
3856
3713
2184
2183
479
5339
6053
3699
2399
587
9295
8706
6894
9737
6574
2373
8141
318
2981
2167
8679
2866
2541
3505
8991
496
2838
3306
2785
5983
7554
6542
4248
4291
3277
4627
9530
9230
8226
1929
4370
2174
5188
1264
1911
1762
3537
9953
6532
1070
2120
5211
3837
9114
8616
2828
4162
6007
687
6848
1990
2793
7942
6138
6984
1219
5317
1167
5001
3543
7548
3923
5617
2736
5087
7429
8950
3176
2034
5482
4147
8606
694
7884
7720
3862
5264
6435
9769
5851
3283
6311
3197
5777
7001
181
1548
2318
1248
6449
5762
8697
373
5931
1433
9912
3360
4936
3089
9846
418
1788
3105
1012
4224
5377
9327
9388
1812
9096
9792
4995
9960
2989
5324
6961
3070
6772
3832
8771
3222
9494
2120
8047
5425
8005
2611
3338
2941
252
7736
3260
1940
841
8724
716
6119
8051
105
7831
1800
4449
7379
1760
1990
2703
3273
9512
9376
7005
8283
7150
6499
403
5197
6477
8309
2360
4367
1250
2513
2103
8962
8905
2845
7687
9522
8864
5738
4179
1347
7438
8528
8626
3750
518
1330
6924
4582
706
3929
2866
2408
4981
7721
2157
1458
682
4417
377
6385
6830
2380
5347
5736
9677
3034
5258
3193
3325
3989
4441
5315
2517
3067
3618
7487
8849
542
2069
4107
4371
9387
6415
3904
1761
8472
9814
2343
2890
191
8628
4272
7024
8528
4560
6701
6114
4370
9795
3991
8259
4236
9207
5328
1855
2825
2815
705
7819
9337
4712
6742
3376
1128
647
5037
4152
461
1933
6942
5105
5113
5767
2129
3641
327
8730
4308
4598
3177
8199
2857
1965
2058
8086
3721
9335
5453
8878
7154
9342
3590
8449
2719
9170
8996
2308
3323
4009
8693
4817
9014
3807
584
1143
2000
5364
4426
6208
9862
7503
8960
7271
9369
1018
9909
7642
4906
5363
6520
6612
9257
4662
5061
1976
3833
4057
8737
7056
2619
7430
6425
1633
5789
1562
7229
7690
6826
1655
8450
1340
3710
7410
3163
7631
2981
3073
5273
7787
8336
6345
4399
7593
1008
9361
4122
4741
7970
7411
6349
5141
9393
2774
6675
5183
8788
8456
7425
266
111
5875
1506
8273
3286
4570
5905
819
7543
1178
8506
531
7424
7457
2676
8332
6818
1350
7625
9341
3313
3974
4482
2707
1300
5709
2442
9989
4165
9767
255
8728
5642
6214
7002
3480
5336
2907
4199

