1024
5849
4803
158
2307
3303
6237
7034
5866
6841
9194
7690
4017
7882
568
2479
8569
8148
1879
7348
2828
9847
8583
6195
1597
3968
1226
5607
1989
1035
9409
356
6784
8765
415
3643
2068
1204
677
7834
7945
4423
5525
6514
6858
645
3546
5427
8693
5325
7327
6073
9724
5910
2269
1321
4431
3395
6828
972
8882
890
5781
318
9555
6096
3861
1623
1852
8991
9357
4349
7966
9434
5416
4824
9980
8862
4804
3325
8739
2131
9299
8463
2594
6120
9684
1577
4067
1164
2449
2949
1954
8130
7719
1509
8778
6132
7584
630
5123
6942
9432
3090
1028
4848
2466
5560
3710
7170
3438
7001
3854
2737
5464
6348
3409
9700
7825
7376
5416
4826
325
7271
2957
2596
3332
1735
8628
917
6818
3752
2411
6250
1394
7891
5650
3760
8004
3912
931
1442
913
4685
8631
929
5585
2040
629
7962
9316
5945
2788
4193
7768
5645
6689
5653
1933
5317
1122
3303
3621
3433
4105
9467
5876
9655
3228
3880
3567
8611
9774
4380
7848
8405
5209
7985
4997
390
5947
8865
887
8635
7610
8556
8833
8851
8761
766
8721
9783
8521
2342
7768
2626
6362
3644
2281
4142
2077
400
7305
6403
4680
5153
9361
4441
7690
4358
9283
3637
7776
170
6824
5386
3278
5657
4238
2039
975
2959
1822
9396
9753
4142
2022
6115
2339
4203
4809
8868
4503
2114
5271
3735
1819
4632
2728
9409
3543
2011
3046
1319
6634
4423
1257
9812
9980
9947
6404
956
2906
2778
352
7212
6821
6827
7879
9060
5582
2689
7928
4638
9255
3199
8273
1075
2384
5554
484
479
2117
7983
1698
8651
2406
7407
3116
6938
7355
9420
7794
4813
2198
2699
6577
8919
9426
4457
2631
5008
1698
559
9546
953
8211
2472
6480
5147
7926
6865
5526
4595
9400
1776
3247
6358
9083
915
3296
1090
335
1091
5804
2433
3690
6933
5905
7668
1390
8436
2676
7540
3548
2223
3046
6311
9147
9426
1458
7073
943
1536
6220
343
7764
9367
1253
1499
282
4450
2490
5069
9993
2846
2055
3683
9679
2512
5903
5622
948
8479
3162
8948
5254
760
9811
4401
187
5821
6026
1030
7257
2247
5826
5021
6166
6979
6421
1001
5981
3463
5970
5974
861
2577
4209
540
4989
112
714
490
8492
3777
9338
8298
8989
9150
2700
9076
9523
8626
4659
6781
873
5037
6354
6940
6568
7327
7841
2550
5342
8363
8424
6103
941
7186
6544
5830
7198
7158
6220
342
5487
211
8541
4477
3913
1241
8105
3436
4419
7316
4769
5193
6905
1124
6685
3474
3003
9078
5924
8246
2093
8900
4349
2934
6086
5445
3317
7837
7156
9437
8079
7195
4200
1272
6224
8013
2413
8882
6002
6733
6198
771
6478
3104
6347
7715
1130
3903
1445
1606
2149
3438
506
1050
6273
1145
1048
9490
8882
8104
3579
1613
9851
7680
2786
6076
345
9651
4958
6247
1036
5708
1571
2066
3364
2470
9681
4394
6273
1126
5900
8322
4465
959
3925
5290
2004
4873
9332
5438
7529
2911
1603
7380
5143
4289
8008
9941
8493
7518
840
9429
3227
2311
1496
6491
4682
5729
886
955
1408
1338
3830
5773
2197
2307
5615
4101
7080
4947
4091
9161
2410
5595
1193
7454
4436
9102
2047
2929
6620
2787
6911
4399
9551
2959
891
8785
8588
6229
4292
9896
7467
2674
321
9565
4881
5836
8218
6513
5335
2310
5674
7646
2457
1420
9652
6793
5074
1699
4275
6246
4386
1186
646
8489
8597
5989
7274
1837
2218
6119
6286
4237
8693
6507
8354
3575
6896
6573
9988
6783
3435
315
4429
5792
6187
4081
7137
1261
5680
1412
2059
4619
7050
2605
3108
5647
3146
4935
7385
9816
1054
8223
4054
9647
4730
2408
7774
6178
3533
2415
2962
6868
7182
1943
2660
3369
5925
9698
9082
6157
5662
1141
776
2713
8199
8337
2912
1345
3272
4849
1162
4226
3072
9668
8425
2355
6628
852
3085
162
3167
599
6930
349
2443
4143
8170
2920
3841
7252
8977
4055
8293
4306
1320
1144
2643
4133
2390
467
3534
8004
9145
1159
7672
7570
7966
4300
2974
1051
4362
6041
6103
5845
942
8446
9888
3664
5918
8281
916
9447
2336
3762
3753
3557
4806
948
2242
1748
1315
5676
9652
460
1387
7324
7931
9253
6177
905
4857
539
1499
960
936
6893
3958
824
558
4428
9005
1374
3875
5894
9588
7529
9351
8947
8377
1593
695
9593
1821
348
4605
7661
7572
2536
1566
3749
7894
6323
8741
3945
1835
4229
838
5693
4954
1296
4673
8511
7123
8449
4405
1363
5978
8308
310
8907
4453
906
3152
6175
5706
7658
8388
7830
4746
9854
6132
7192
6178
9425
1137
2565
3654
6428
2811
3160
2276
7384
1672
3951
5833
629
5215
6363
3490
9977
5271
7843
5435
2975
4018
1141
633
2406
8872
5280
6813
9556
7024
2991
8981
2714
5456
2635
9042
8167
5696
5870
5552
1920
4374
5937
7001
4141
2301
491
4118
7472
8235
4106
447
6805
5147
5533
3764
8571
5365
577
8127
2389
3468
1760
5003
3476
4296
8597
6196
9892
9020
6300
6364
3394
2237
3365
7435
4438
3757
6105
1910
1992
211
6810
8697
9811
2343
2461
3034
2260
7490
5714
4549
958
7374
9453
8887
1670
2702
5083
6114
1722
1383
7030
9568
3520
396
1655
7859
8605
7661
4321
597
2424
5683
3846
2235
2578
860
9722
4738
8250
5436
9188
3761
7362
3293
2648
3585
547
2283
9599
6722
8118
6630
6290
6190
1578
7846
8601
183
159
7475
5232
2483
3158
3630
9171
289
4390
8893
4927
7193
4329
8667
5506
6243
6512
2706
9728
1612
4889
3980
8234
7559
610
9076
3749
6640
1574
2351
6723
1633
9726
1955
4017
7436
5485
3188
7625
4428
2081
7105
6173
962
5772
1679
7105
6837
4285
1486
8349
3726
5366
1235
1285
5876
311
4934
7068
1786
7185
3791
7871
1563
298
1888
8900
335
9528
6525
4663
1609
3630
836
7023
3955
2415
8681
5344
1252
167
3693
4878
5433
9380
6063
5861
4243
5550
2929
581
2735
1272
8353
4199
1470
241
7651
1705
9670
4176
921
5831
2359

