1024
3583
211
7982
5177
9032
3723
8477
3050
5564
7793
7476
6842
2075
1860
805
2968
7777
6792
4157
7539
7948
4365
1746
6600
6315
5548
1072
8091
5198
1619
3074
3333
6282
1056
8411
9866
9231
1540
7469
9348
3885
4945
6190
512
1357
1547
3381
9034
2892
2090
6573
840
6355
2872
1992
2671
2972
2965
5314
8070
9036
8289
5956
5319
3897
8919
5185
7681
459
2654
7029
8796
2152
7771
9208
3409
9218
7141
2444
2110
9131
3569
7403
139
993
9295
7262
3865
6812
2576
6488
5849
5417
2444
1168
9215
1363
905
1548
6274
8012
8477
9622
164
900
3482
8025
118
5176
469
6681
4307
8491
8636
8898
4036
7931
6160
7802
4744
8637
8842
5145
4054
5838
6213
7821
7101
1670
9269
7927
9582
2398
7549
4298
3198
1031
2324
7769
6107
7245
9002
4967
388
7638
3865
4325
221
4578
6679
9417
3215
5521
4562
1821
5911
5327
4195
3012
6898
3464
5491
1132
415
3040
5331
3513
8523
2207
5834
9183
9352
4836
8702
4293
2474
7119
8518
7148
1697
5197
6565
4812
5270
1128
1186
1181
6355
5281
8645
7805
3297
4136
8838
3612
1728
8721
1678
4803
5480
7412
3986
4832
6801
2688
9025
3827
9708
2195
975
1405
1944
7441
770
1766
3121
1856
7399
4028
1689
696
1834
4886
4732
5224
3051
1012
8497
4629
5716
3977
6593
9602
3361
3394
6843
6939
1774
6551
9034
2649
2508
5531
4642
7730
7197
7663
9486
4597
6244
5727
5193
2630
614
4478
2406
3565
9942
903
2746
5658
4780
9239
9813
2693
7186
1308
9532
8860
2411
3219
6061
4819
8650
704
2550
5847
2919
6588
4996
3715
2316
4742
6245
7382
3772
8551
5499
3714
9354
2797
3925
8686
2036
8290
1380
3774
9498
5464
7186
1909
8583
3248
1280
7233
3852
8282
7633
1323
9423
7181
4939
6291
1923
1184
3673
5595
4288
3724
3862
8194
6421
7687
1533
3009
5977
2813
6684
127
2829
8422
6488
1413
1670
7668
3198
9974
5951
831
5850
5374
7913
789
1665
4388
6425
9790
9884
5265
3514
3746
3460
4487
5985
4893
7396
1962
2258
8632
6541
4987
1707
3029
952
3277
697
4051
7804
1200
4782
3654
1126
7247
8895
2691
1636
5320
7033
6072
5138
5099
4370
8498
9486
355
7943
1535
6769
201
4719
3310
5088
6326
6239
5941
4156
1488
4544
1960
2589
3878
5514
3615
1126
8961
859
7214
4281
2444
7838
9319
7444
2208
2469
1582
2463
412
7569
9132
513
2289
2442
154
3167
3233
647
1875
4621
5091
3735
7110
3521
3801
5278
4547
2762
6037
6313
1596
8381
4151
5467
477
6259
7837
1960
3274
2801
4081
2406
7767
6270
9300
2473
3990
2533
7572
5765
7055
7215
4053
8717
736
7754
3995
9736
5069
4584
6049
6565
7518
4753
6584
7895
5564
8973
4407
8739
1775
8389
5697
4094
9211
4998
6467
7753
2083
4039
8071
3690
1254
2124
6960
1890
4430
5507
6178
9399
9992
2228
616
2162
1533
1753
4609
6997
726
3569
388
6953
1958
5986
1047
5721
5536
7414
8027
2171
6005
6098
5762
7159
8122
7274
3602
7104
2781
9680
1156
2773
6460
1672
9387
7893
3325
3997
9443
8504
7466
4383
5457
3976
369
6405
4249
457
8371
2276
7081
4377
8274
7395
6088
1048
4669
9590
8053
7350
3923
9109
4676
4935
5333
4063
7381
3211
2612
6824
1715
9978
1207
1724
8506
6029
8029
2756
1038
6401
4932
8019
778
7759
9966
6766
3359
4635
1009
1412
6538
9384
5073
1214
4319
4959
5177
1700
8070
7690
3076
4337
2320
8736
5961
827
9317
8543
8035
4907
4944
7519
7479
274
5278
7445
1592
3190
6633
7053
4502
3171
6437
4128
4285
5309
8987
4014
1561
1709
6256
9090
5946
8477
7826
6459
3856
1795
5002
1891
6602
4498
3962
4081
4672
3793
6079
817
6883
2712
2422
5937
5783
8760
9965
9968
8621
3604
8534
182
5213
4791
3824
1159
7820
6202
2171
1676
7897
7073
8019
9052
1572
1981
3133
796
326
3764
6065
7109
6376
8388
3047
6711
1800
7564
1331
421
1169
9766
5055
6282
4557
8780
1994
2377
4982
4065
8505
7432
5690
1176
6484
1814
7609
4169
2511
7836
7834
3128
4945
8762
1516
2544
5474
3216
109
6705
8089
1178
6471
3145
2012
5580
6477
8458
2509
6011
7075
1014
3443
2766
6642
9827
4480
4252
3997
1543
2088
1831
4572
6933
593
640
9378
619
8309
4039
7225
6398
5117
3696
4095
1681
3829
572
140
6238
1136
1767
7153
4479
4433
3795
4307
3466
2599
2856
9461
4587
4587
8585
6073
9632
9126
5451
252
7435
4042
7377
3833
9059
5625
2481
5292
9354
7505
9884
5593
8541
1652
7298
3021
637
5645
1880
8555
8145
4636
8017
7284
3775
6602
3357
3407
5728
3360
8111
7715
7302
140
6101
1013
318
8482
6206
9572
5987
742
9717
9081
6846
1667
2102
7384
1865
8434
591
4562
3070
8508
6398
6745
9663
9656
4704
5391
3016
2816
7659
319
7408
3760
5784
7626
6794
1990
1851
2781
7185
6120
6414
4031
2340
3068
1415
8657
1502
1907
3219
4472
4967
9517
1217
4630
3825
474
4574
6742
3190
2233
1613
5150
545
7297
2777
7239
3840
4528
4572
1025
5200
987
4956
7440
3955
924
6097
5358
7283
3868
9730
6802
7938
5500
1433
1763
5874
559
3057
3616
2692
9122
3318
3137
1072
5995
376
4812
5075
4848
389
276
387
9797
2268
4243
5273
8266
9501
7108
6686
3883
3911
4624
3935
9796
6288
4361
355
3897
2529
7499
3020
5748
5188
8544
6295
5464
7908
1371
4864
8197
6099
5152
2646
8267
3947
7820
1185
8000
9480
7772
1883
3391
2396
371
3187
3236
9184
7994
7034
1714
5493
4606
2014
681
3150
8209
697
1058
4132
114
3807
231
9718
6353
3051
3665
8725
4136
1665
8206
6460
8000
6149
8757
2923
3889
6545
2108
6435
8131
8274
1929
2737
288
7062
439
3049
2312
1397
7082
2326
9656
1865
2044
662
4816
261
9287
3505
6378
2145
9865
4378
2847
3274
7202
6636
9720
3862
3071
7851
2136
9452

