1024
2207
8203
5531
1077
1121
2858
1212
7684
5310
9045
3724
7673
1285
8071
5940
4137
963
8213
3117
6320
2653
8898
3545
1985
6098
3495
3170
1024
9313
1779
3344
1520
9882
8775
2498
1003
6185
8162
8587
6047
1859
6863
3720
3045
9486
9560
1734
449
7773
9303
6669
4978
8201
4767
1516
8852
8162
4586
9776
2127
6266
3121
3547
800
6448
597
6256
2634
3311
9395
8581
5071
6259
6854
2668
5745
6414
8854
747
8740
8158
1968
8270
6359
6635
9686
9763
9349
8825
9540
1476
5091
7213
4924
443
3661
9973
6599
847
3285
5995
3981
2908
6806
835
5476
7103
1801
4330
7750
541
7040
9619
8712
7952
906
3050
7715
256
1875
1907
1632
1518
9020
1108
6414
2682
1082
3013
3429
8819
3560
1962
1727
4918
2697
7103
2022
4399
5985
9672
4840
3026
3943
8104
978
9302
5707
3245
4110
2134
5053
5642
3553
4073
1303
9867
1307
6837
7432
9189
5656
5545
1151
7283
463
3749
8938
2385
2700
4923
6610
2092
2501
5105
197
7931
4407
456
1177
8417
2490
6130
8612
595
4755
9815
462
5963
1304
2447
9704
6860
7892
855
4143
8255
9056
7633
641
1756
7108
1803
3749
9510
6808
8398
7441
5768
8754
3170
8737
5796
9200
7349
6292
8508
1816
1306
4471
3020
3653
4175
4432
1545
9482
8475
4353
3191
760
9446
4847
7769
1249
3148
7279
2609
6098
9272
8277
9404
2443
7015
5201
6195
8916
1493
4703
733
2699
3726
8205
905
2453
2638
6902
1936
5665
1255
9579
6326
5253
4426
8647
6402
2127
5926
8912
8125
9750
1841
7530
6745
3408
2731
2941
2325
8676
2196
7510
5927
5823
5715
1384
8176
2905
8187
4664
8471
3994
4243
9349
9148
3222
7996
202
9801
8474
3666
7926
2876
5408
108
9522
3368
2739
7015
5593
5967
9111
3103
6447
9486
3371
7731
2315
828
5918
1531
3851
4465
327
3200
8165
3449
5748
8267
3250
8774
6486
5728
1651
6446
5737
5725
9714
3028
2740
5308
3548
6403
2963
9895
5890
886
7626
2757
1615
8097
4188
5366
7114
4415
8467
5279
2416
8767
8098
218
7542
4584
5847
9093
1030
6136
9370
745
9064
2110
605
2612
3065
3468
7059
3507
4255
4686
6164
5770
7335
353
5688
4449
9220
4155
4280
6189
7475
2378
6307
5017
6863
6706
8662
7793
7394
8032
3090
1111
4694
3595
8175
7659
1616
5235
1167
423
4473
7231
745
1808
2136
6333
809
5909
489
4989
6650
2516
7267
7509
7433
8682
4216
747
1128
6162
8679
4118
7173
7925
2266
5349
5584
3782
584
1303
4105
4957
8435
9302
1317
5123
5635
6578
5584
676
1567
2234
3092
3386
9644
5077
2069
8412
5724
3097
4574
8955
1767
6300
6880
3933
1649
7017
2267
6685
8220
924
6194
1307
226
2063
6331
5762
8541
6467
6338
4660
8602
3983
7946
2898
8960
4567
1310
4685
2216
436
8192
3884
6636
9625
7717
2837
6642
4537
4074
4862
5361
4820
722
5488
6783
6953
5802
9876
7972
2140
4536
1226
6023
7035
4024
9536
1602
5234
8773
3719
223
6965
2155
6759
6590
4424
4149
7784
8861
2775
7199
4223
7496
7821
4263
4279
9326
9965
4156
7298
6657
3244
8425
2681
279
7001
6769
6334
2236
5542
4605
6911
2507
6660
8222
3650
1084
2371
5986
4498
5047
3185
3273
7095
1006
7436
1374
4884
7401
9982
2183
4058
7779
5160
1291
7958
2161
7960
4292
8849
3502
8797
5760
562
109
3983
8664
5646
906
4650
144
505
2388
3317
7500
7846
5305
3427
2731
2706
7961
9366
1316
5740
9078
2508
8251
5791
5020
2543
4641
3075
5893
4953
3537
554
3488
6753
6100
8847
5955
796
3904
8243
4013
1405
742
9218
9284
3373
6476
7245
7291
7693
7538
1021
4753
5789
6712
4325
2884
5905
7300
8677
5411
5389
3784
8799
2142
9784
2298
7998
581
6103
893
9046
2060
1535
2917
1344
9360
9293
8489
1303
1638
6027
2224
943
6368
8837
5169
9153
9294
2469
2482
4705
7759
6166
8057
9801
5951
355
2451
1084
1010
7797
130
2970
9232
2947
4214
3245
6793
7256
4448
8331
7835
1225
9175
4204
4614
4344
3357
3908
1365
5739
8514
9024
1906
6571
3478
2409
1478
5829
3393
6941
8178
7975
9811
7411
5475
8578
5208
2268
486
9556
599
8221
5333
4326
6977
9847
3222
4886
3756
4488
5178
2270
3512
1636
3393
1542
3945
9323
1924
1890
6264
102
9765
728
2065
5240
9206
7173
2060
4244
1382
7112
2465
6615
1438
3995
6463
9113
8781
219
3601
3959
6941
1665
5495
4886
7660
3992
8761
9484
5782
9578
9486
200
306
1552
9892
4064
3277
1953
8208
4559
8965
5225
1175
4955
9120
7538
8620
2554
2309
6773
6413
3802
8339
6461
8588
651
453
2001
135
788
1579
4173
5440
1785
5625
5332
401
3455
1837
3161
7914
5354
8287
3641
4862
2059
5731
3482
4513
7940
256
5479
1742
3147
6492
4882
3698
6845
6784
3733
2185
2915
7806
7525
4601
7984
2858
9454
1439
9147
2616
3905
4502
5455
7447
9264
7414
3178
7298
6480
1119
7454
6511
7313
5153
3003
6748
8751
9748
8084
7036
1934
999
9395
9359
152
2031
6769
9507
7922
5917
6675
1827
4971
2130
9174
8787
4096
2353
6085
576
7924
8092
6987
9789
3245
9890
6537
6549
4291
9173
8137
777
173
2184
4688
225
4115
1458
9632
2037
1927
959
8317
6798
2989
7491
237
6986
4396
6222
7462
6872
4314
9002
1314
2112
8892
2403
8561
7735
1577
1350
8412
1650
3435
3101
1775
7450
9011
5960
4040
938
1471
6909
2288
4361
4400
2425
1347
3349
3199
3361
4773
7414
6915
5987
4078
460
2943
2639
8095
4420
8441
6508
622
1876
4161
2297
3879
3172
2809
2471
8562
4181
9280
5402
3094
8232
2379
8893
1581
5478
6806
907
7444
3722
1446
1522
4082
4289
8613
6729
3261
7055
3237
3783
3483
1950
633
7262
5022
7894
9633
8136
2075
3565
8090
9621
1798
469
8514
7831
500
5321
8638
2496
3595
4637
8471
7577
8826
1736
4306
6640
3343
2096

