1024
2239
6913
990
4586
4307
1341
1889
466
7309
1752
6000
5695
8874
9716
7811
6182
1479
7647
234
194
1603
2835
7394
1947
1393
2065
4568
6969
4038
1061
5990
6177
2527
6880
5316
6734
8121
1757
1752
5431
3410
7652
5678
6836
2020
3489
3018
7952
5689
3153
2698
7192
5888
9992
3691
1833
2057
8160
3355
5995
3773
9245
6725
852
777
6593
7487
8798
8250
9139
8781
6212
1444
4460
3048
3364
2501
5967
1316
8090
9020
3915
9835
9460
8459
3526
5846
517
6238
9101
1064
4564
8346
7689
5316
3675
8834
2803
2473
7085
6495
5807
3297
7839
4819
898
5755
7220
6765
6972
9863
437
5439
4350
4449
3898
7776
295
8867
4015
9296
9832
8479
2294
2173
8347
5869
1008
1151
2895
2645
2198
8602
5842
4589
7973
6640
344
5193
7957
1868
9608
2946
7207
3958
7296
5658
1735
7491
4525
302
1440
4357
3333
8186
6431
1680
4056
1991
7283
1503
4536
4033
4657
4930
8522
2630
6123
3419
7723
4080
5187
1984
6927
6947
5842
8775
2605
2129
918
7030
2331
2258
5940
216
445
6923
1797
8953
8814
3632
5008
7902
7566
9565
2832
740
2195
8855
4059
4470
7488
3799
6354
8967
746
6749
7742
7803
8778
8560
9385
5662
5371
5325
5778
368
6800
7475
3873
266
1108
8781
8068
3226
8346
5453
3866
5093
4308
2478
4115
6348
6177
470
5315
6823
1771
7609
4626
549
822
4011
6111
6093
3889
1890
1013
689
3917
4786
856
9477
3567
3476
2703
1913
8829
1122
1558
7690
3500
5573
8590
9577
595
8458
1052
2266
6067
230
7268
1441
4141
3379
2086
2582
9721
2999
7724
8191
7685
8480
7668
1252
6508
4924
7617
5338
5946
3727
7580
3998
9201
6170
8127
9696
4628
9079
6515
5248
9209
3783
6589
7902
1714
3228
485
5988
6127
8109
4179
3813
1241
1847
9517
2301
6671
1787
2191
7169
5414
9671
5719
4615
494
3846
8864
9574
7477
5379
9374
6686
3714
616
9141
5328
3744
4178
1316
9771
6839
9947
8136
2632
1795
7654
4833
3018
3993
6925
4740
9307
1248
459
8475
6194
8758
7339
5769
6235
7270
5143
7474
5536
5659
6615
864
9303
793
6633
3727
2184
6580
1863
4716
2927
4069
9449
5846
7962
1026
5138
7270
6727
5497
397
2921
4255
7636
8590
5043
9458
8286
2517
4994
3945
9032
410
7801
4377
1595
6080
6461
8076
2495
5729
1003
6465
9730
1401
8979
757
6439
901
7384
6489
1198
305
5296
3386
3448
339
2844
1734
7308
2390
231
6340
2701
2584
5269
4196
8564
6282
6824
5612
2011
2380
2077
6294
8233
5608
6951
9225
6410
8887
5714
7508
3744
5562
895
7092
454
8191
3378
7662
5134
3510
8555
2387
646
8376
1135
3763
4659
7860
9275
1222
4792
5904
7416
3025
1512
8919
2250
7822
7806
2516
9883
6103
7979
5330
7747
2985
8073
1126
647
3207
9088
9102
5494
9634
2131
1182
3397
6690
8942
2672
2464
3734
3128
9781
1311
4541
8700
3462
6915
1159
5878
1450
1814
8409
6680
9461
1394
4754
587
1942
2513
9575
5596
2560
3862
7627
3642
7159
8869
7136
4384
1334
5422
2064
5667
6633
6505
8919
4647
7973
4630
526
9323
6344
3487
656
5806
4782
5310
945
1276
2375
521
1424
9387
8835
3604
3029
5994
2473
4717
4930
8259
4691
6895
3926
1325
7952
2846
524
5925
7376
5502
9801
8273
8890
457
4079
3672
319
4924
9400
2594
9897
824
1982
8732
8880
9463
9279
1354
8733
4209
4165
3424
5656
7992
9201
3609
5390
9626
4086
7318
5128
3887
5591
4018
4244
4222
2242
4463
9047
6194
1610
3596
1571
8044
2329
451
2159
1608
6257
892
369
423
8769
578
2967
7970
4087
2909
2248
2725
227
7277
6513
371
5847
5309
4493
2642
4325
8092
8736
5835
1689
307
8431
3918
659
590
9978
1468
5935
4899
1791
9256
5377
9210
7226
4016
6671
9375
6642
1451
1304
7707
1722
7051
7568
767
9593
1893
8760
2982
2280
449
3189
5263
4267
8300
406
8797
4321
6241
3696
664
5497
3626
9775
7275
7542
6446
1302
8736
7797
2506
1095
4071
4110
8564
4739
8255
5009
3499
1237
1842
3848
8879
7005
2667
1831
7311
6016
6052
8104
9612
1269
8153
3238
1044
5429
5333
2042
1283
8621
4392
3690
9617
3015
2352
2833
7654
5159
7742
5705
949
9484
9453
4380
1142
6672
6111
3005
2688
6716
1110
6853
7885
9163
4643
3481
9144
9876
9975
428
3150
4367
8570
2767
7283
5474
5500
9489
633
7794
5195
1482
1931
9200
5762
2973
5873
6426
5878
3113
7694
1540
9866
231
5256
4510
3612
8952
8938
8139
3932
2088
7059
7054
9307
4342
2528
4807
8383
7614
2602
3578
8996
8985
7331
9311
1958
3204
389
2388
869
7983
8381
736
2766
3637
9698
6278
7141
3288
8969
1074
9829
6028
8028
9136
4922
5109
8496
3306
2723
1098
1436
6271
4635
8667
234
6493
1871
523
3433
7193
3058
1814
7829
5724
9903
2179
6554
1697
5367
5524
2671
5196
1552
5251
4333
6375
4912
2829
4233
2187
8379
5569
8359
3014
4237
3145
4059
660
3569
2044
7753
1179
8311
5582
6804
2866
2313
7910
4463
7581
3434
1686
7329
9439
6838
6214
466
1750
8943
4599
3838
1974
168
6749
9440
4305
9794
8051
4866
7915
4648
7171
3647
2959
2754
451
5725
9519
8261
4741
7100
6248
6327
4430
339
7717
644
705
4020
4140
9756
7758
666
9824
9059
4659
8682
3505
7262
8100
5973
1910
5271
9520
4769
2577
4523
5047
2097
7336
9688
3749
3584
667
2731
3823
8285
7828
8980
2305
6520
8736
4615
7086
3213
3674
6297
1895
1731
3560
4547
7604
5370
9718
1776
4692
6848
6199
9639
8845
3536
3979
7146
1672
4546
9778
9948
7383
7606
8928
9588
4126
2317
4203
5764
5430
2429
2062
1877
8613
5522
6324
6217
892
694
2546
136
7442
8645
4327
939
2181
8206
7986
3754
7305
7764
8254
4688
5370
7182
8829
9396
9399
3032
9712
9381
9914
1774
1258
8527
7196
7482
9296
2641
8077
1842

