1024
4972
3601
9786
9913
9153
614
562
3375
2227
752
8600
8439
8493
4648
1741
8291
1458
9900
5899
3869
4487
8267
5097
6018
5036
9625
7783
7039
9150
9100
8875
4123
7254
8661
8588
1059
3828
9050
4334
607
9702
2934
8946
8195
2134
5239
1138
3492
5139
1589
7261
4179
9757
6910
4749
4793
1187
2532
6384
338
6185
5260
4361
3439
8473
2949
4398
2301
6551
3284
2808
6254
6119
6306
9001
8153
1546
4692
6198
1237
6181
8011
5316
590
4922
9966
5284
661
2498
6220
899
8583
1480
9712
6574
4506
2661
5524
6707
3765
8709
9416
4571
9380
374
3572
2185
1820
2816
8283
2958
3550
6295
2826
4040
5769
2792
3876
6330
5191
9997
1782
8326
6029
1494
9453
535
8608
4977
7143
2373
8238
1211
6844
7618
6037
4968
4356
7758
7685
7191
5268
1235
8038
7994
9727
8359
5339
3604
4690
5082
3601
1024
3408
4182
2418
2861
4618
1026
2391
6313
3299
629
2076
143
2800
8013
5012
7056
423
7249
8799
243
8384
6838
2790
8111
5197
8029
1715
4439
3111
9768
5363
1071
8503
7682
3833
7673
3260
776
8538
6460
1305
614
1155
4005
3179
6067
5613
8055
3316
4413
8198
6252
5803
988
4364
1000
8917
631
9892
6580
4952
5255
7552
8007
7489
5937
5680
750
6613
4218
1762
2470
9284
2817
1028
2463
8785
6541
518
6653
5506
3269
2906
5861
4157
1822
1414
7627
6905
1306
4207
6409
1113
6311
4416
3155
2248
9996
8357
3413
4214
119
5784
3498
2836
6712
514
6173
7805
5484
7379
7864
8653
285
3725
7363
6559
9591
4990
3464
897
3749
9774
6463
4613
4190
9518
6761
8739
7875
4727
2953
2546
511
1004
9834
1775
1418
660
4132
6802
7939
6548
108
2776
274
7371
9235
4417
6913
7251
5215
662
1677
6230
5175
5768
400
6489
9059
8175
5768
2012
5273
831
7468
5107
2506
8786
5667
1190
241
8158
7639
249
934
2465
7520
4721
6782
8985
1973
6549
9547
3550
2779
9275
3870
3079
416
2929
5806
6084
9394
5631
6815
6862
739
3873
5649
958
9515
442
9017
7154
591
4503
9519
2663
9125
954
1648
1098
7403
5747
9100
4735
9574
2971
2366
4542
5800
8073
626
5194
3704
1993
2057
8895
418
2258
4406
9834
2600
7975
6988
7643
2478
1160
306
6155
2014
6406
7153
3969
2153
906
8604
6280
3777
971
822
4129
3596
5901
3876
1852
2446
485
5300
2765
2643
9606
7151
9695
2233
8691
7338
4611
9751
2196
5319
6317
3154
7024
4839
9759
7830
3443
6039
1607
8866
6762
289
7014
2663
4065
8767
9561
4450
4067
2326
1645
8225
9377
1340
458
8069
3230
9521
2472
9878
4840
3342
3032
1865
8081
7343
9595
6076
3383
5755
4943
4697
5944
6509
1912
9909
5276
1473
8911
3895
3700
556
6672
7629
6348
7030
350
4130
1204
2723
8560
5944
617
1592
2361
8598
8835
6509
4674
6770
2264
4169
1467
8108
679
3279
2669
507
4653
1580
8855
2905
6588
5527
5086
2936
7110
5337
1618
8214
2612
178
8710
3129
6222
1072
1727
9609
7481
953
6380
9645
9575
2399
2405
4806
5579
9526
9765
4784
5658
8620
2241
2246
8700
7227
9634
5810
2564
1252
8576
5076
1330
7286
2757
2104
8258
4384
1713
391
9790
7993
4588
9365
393
6893
8723
524
1071
8488
9760
6629
7109
2001
3427
461
9128
7613
6171
1693
3417
4747
1321
9199
2033
3979
1303
4844
2915
2917
5135
2705
5462
9624
6622
5755
1169
5345
831
6693
8386
591
7874
5495
2492
5854
5856
6173
3467
6579
2418
6785
5878
3639
636
2463
2170
1840
7207
4986
9209
6895
2243
4671
1171
3418
4979
6792
3315
5710
8037
1701
854
5912
1748
7798
1766
2156
3971
9685
3287
6289
1122
9065
4481
1659
1529
6551
7951
3288
6089
7160
4735
2885
1831
458
855
1362
1803
4070
6973
9740
324
2379
304
6524
177
1970
8581
4049
6208
6420
4890
7230
5486
3923
3441
1567
5027
5944
9307
5668
3104
4043
8453
9388
8953
9208
750
756
7831
2275
497
2707
4554
701
9131
9184
7124
2364
7785
7884
8685
2675
9666
4171
1151
3108
290
6078
8952
9497
1746
6609
3540
4752
5997
7046
8512
1299
7702
6343
3475
8099
8950
2581
3353
2734
1765
5029
4998
4102
2913
8235
1330
2579
2406
2381
239
7148
8359
3744
6646
4657
353
4738
9309
902
1784
7822
6653
9387
8717
4680
2138
2320
1814
9943
4954
3479
9524
4504
2134
2437
2740
3364
9469
9598
5645
4260
6747
8556
7904
7945
3213
2809
2683
7075
8163
8920
9449
4817
8307
8166
9397
4997
5038
1211
9493
4544
9143
9017
8949
5829
6007
6241
9093
5476
5839
9290
9636
7138
7846
2193
5083
5611
4902
2319
7238
7618
1239
6687
2435
4098
9406
6384
3647
4444
2148
3140
8889
5843
2158
2490
1672
8065
8631
5317
8093
9022
4607
2381
813
2453
4474
448
2616
3929
2667
9755
1547
8358
1094
8434
7008
500
4818
656
9397
1518
8248
8286
1913
4958
5328
3485
7575
8511
3354
5668
7533
7861
7950
2898
4866
6976
3247
7383
905
466
1790
2352
3377
2784
786
385
3185
157
5493
2582
1575
3742
5420
7941
8600
748
5978
6176
9159
9233
6396
1344
7094
4346
4143
1961
5875
1942
3896
6680
6860
5586
3585
237
8270
4271
5075
6007
8880
568
3141
5008
4210
8461
2949
7363
3761
8827
3539
7472
8060
9835
8717
5155
8734
7412
1668
4609
3906
116
5841
766
5602
9326
5456
8424
3598
531
8984
7030
5551
2125
2038
9662
5139
4887
1677
8800
3715
5116
6273
1775
9503
9542
1482
2889
6954
7602
2050
5412
7618
7792
6078
3220
7118
6086
6197
5268
1169
5181
2299
6621
7206
4237
935
6897
3677
2512
5698
7292
2180
6523
3619
1683
6065
9554
9025
7571
7156
1075
2983
4775
8767
3613
2547
5886
4252
3296
5706
5321
8377
7905
1942
236
6695
2777
7033
372
9741
7283
2216
1921
8358
5735
8057
8975
5289
7082
1198
6998
8057
8633
6325
6825
2247
3424
7263
1051
6621

