1024
3736
6684
2226
3755
2713
2274
2417
9912
4517
7482
9889
2448
7539
140
8316
6113
7478
4403
1222
8114
9885
2911
605
2641
7992
3987
8536
8864
179
8612
5792
8367
9848
7919
6675
2562
4745
8992
7026
3814
1127
6915
6163
3218
1607
4479
9231
8986
3435
453
1752
3320
3264
2257
5862
1257
797
8950
4673
5428
2214
466
3795
2063
2937
5022
4525
2234
4015
6103
5949
9594
3018
2112
2812
4526
1143
2043
8064
4478
6948
9716
2351
212
6525
2765
5921
1874
1715
5147
7202
3829
5513
5550
5792
3002
572
4869
9688
9039
972
289
8633
8443
6853
1445
2969
7897
7940
5585
6927
4888
5301
9178
9553
6378
1943
5474
8153
8110
5173
5355
1940
5238
5457
2284
8140
582
7054
2481
9521
2578
2670
2807
1021
9424
8704
8442
1973
6645
4027
8800
6085
3880
7979
5638
259
4474
5665
8312
2585
838
8219
8977
5977
8229
1261
8669
8711
8215
1150
8232
794
8273
1039
6267
2349
9644
4710
4222
941
8637
3022
6926
7070
5553
7117
7229
9928
2782
193
7065
8072
2964
6042
4049
1193
1855
7271
9804
4623
2973
8037
9869
1246
3628
6136
3495
7824
846
2269
8665
4036
5192
244
1106
5297
7261
2887
5225
4595
2980
6842
2667
5844
7436
1269
6938
9192
8440
1394
3815
5965
9331
3684
7112
7512
9720
5159
5336
5119
7329
8554
3707
7073
3350
9265
2370
611
2152
2148
5106
5032
8890
2325
5428
979
3494
6918
171
1934
8213
3886
7800
2196
2122
9464
9608
6394
9175
9497
1513
1156
2703
9672
2781
5953
8937
5052
6464
1089
1752
6122
673
5194
8347
654
6073
1842
7472
6144
8228
337
4582
680
2434
6604
4696
6594
2999
8424
743
8964
9480
3346
8637
2262
3851
7574
1866
315
3216
3518
989
3789
8612
3889
4343
4686
283
6368
5382
3063
6605
9865
3644
3591
1121
2892
186
8572
1316
5381
7537
797
3280
826
7511
7031
2952
9277
1899
6068
2795
2788
4410
5959
6577
8653
645
1412
9573
5928
4376
6179
445
2572
9670
1466
5364
4408
9939
6581
9690
2128
1930
2970
2854
3993
9901
358
3270
1800
6327
617
9041
737
6476
270
3942
7022
1583
3516
7502
511
4247
2499
2983
3917
3865
8247
2878
8356
9380
2568
5036
5862
9990
7790
9755
4543
8049
3025
896
8928
3542
4489
4217
9919
4659
8059
1593
794
6127
3647
1205
374
6046
4088
8744
4463
6888
1622
2820
6268
8642
2408
2131
8632
199
1886
7727
2800
9364
3175
6280
2906
7564
497
7377
6776
8456
8870
7470
4584
7069
3228
9410
3115
1868
8154
7479
8656
9676
4851
9477
8318
1811
6160
1602
1910
7946
3882
9162
1962
6957
5442
9321
4522
5839
6698
5850
8848
221
7872
7984
7190
1100
7394
4858
7421
5549
6889
729
9777
6292
206
8096
8003
6266
4250
4466
8765
2684
3628
727
9542
3623
4600
8616
4014
1299
4466
2862
5972
2338
846
3162
7891
2793
2572
9864
8242
9361
593
8019
5653
700
767
3657
1518
9470
8023
4835
2154
6203
115
6248
9726
4615
4864
3741
466
3882
1155
6338
6121
6454
9401
8564
9147
1973
8428
2041
5887
3573
4612
1540
8725
5280
9649
244
9302
2324
9531
1456
8428
9546
7605
2806
8714
7021
1099
9080
904
6707
5419
1577
3161
9372
4693
2308
1345
7673
8801
1784
1246
3413
3225
9872
3245
7426
4668
2547
9651
4199
8456
2731
8298
713
5437
7012
7634
1089
6092
3090
7696
1511
4567
857
883
9160
7617
6681
1485
6418
3017
2632
9731
6142
2504
7529
8121
1724
9976
7772
5823
3084
503
8673
3697
492
5685
5884
1481
6330
3526
3729
2393
7994
9038
7729
1806
6655
8962
7744
7625
1979
376
2009
2674
7332
9438
795
8956
4066
8467
9331
7051
3522
8005
5300
8466
8242
5736
9848
4572
9163
8129
1518
1809
7168
9147
8067
3823
8109
5811
6001
9988
6087
7910
2662
3419
7348
3357
6927
5966
6376
6259
3017
4450
8816
8218
2917
1710
3954
7317
835
7669
5446
2253
9378
2614
1400
7446
990
4061
3257
6891
4049
3897
4801
6612
1868
6701
4521
8696
2667
898
9507
237
5248
2975
3007
8065
4585
1513
5382
9872
9083
5381
2125
8461
7895
7977
559
8785
2038
8269
5676
5988
2166
5029
7152
3934
6282
1673
7182
8850
7023
6689
8987
6824
4216
6546
9441
3354
7959
9376
3226
7042
4757
9804
156
2652
7781
615
5990
9720
8784
6218
360
5502
1248
2064
9337
7430
8189
1171
932
5213
2413
4471
6589
6529
1017
6030
9783
8877
5406
7562
571
163
7366
627
7268
5147
5695
3258
9419
4479
9376
4331
9882
5176
6295
3871
7159
9037
4942
7991
4250
7255
7015
839
8337
7932
1421
2772
1461
6728
334
6485
1443
7600
7012
8611
2748
2707
6421
6719
1739
450
1051
6173
5526
1898
4596
7237
935
4090
9781
9637
5898
6796
5028
4235
9280
6350
6907
5294
7630
7142
1779
8973
4742
3343
7585
2042
5951
8558
8662
2242
8908
4265
8315
8987
715
7463
6224
6103
1553
6005
5740
7351
7353
5321
1586
6634
1671
3046
6480
9201
188
8159
2826
9382
1502
411
1425
2005
3522
4639
4147
2430
3456
7014
5969
4071
4477
2194
4726
583
2751
5019
7834
105
340
3973
1291
6463
6919
7671
316
7007
5830
3042
6389
1884
3354
2366
3790
1428
6905
2489
3758
4913
4056
9628
8885
3085
6374
8163
3568
9025
3182
5955
3682
3422
9828
4873
9785
6747
7096
101
8306
7478
3044
9247
9263
950
6166
7605
6830
3071
9994
5140
7885
4050
4768
1422
7036
5694
9485
5156
9272
7220
1111
2954
642
939
2380
4980
2238
9376
9533
544
1507
7129
4344
770
2631
510
8275
4013
8033
2921
9054
570
1524
3822
6444
8460
4069
582
3616
3341
7702
9180
847
2896
119
3127
2428
2258
7056
6514
7254
8463
8195
6150
3785
5379
1212
6612
9292
9146
9433
8346
4268
957
6721
713
3969
790
1195
2138
4031
3449
1318
9330
897
5889
7010
3226
2699
8618
4292
9854
7081
2487
656
5418
7766

