1024
4020
3683
8507
3304
1313
6205
9239
1286
5687
6107
5624
2994
9227
3815
7035
8402
8854
2204
2428
9347
1156
9374
5794
5153
2519
5971
2878
1274
6804
6983
2016
825
5219
523
8581
6432
1280
7820
7618
6867
3928
3242
9761
7707
1609
1448
6110
464
3552
8438
9711
4608
7813
5505
9661
4884
6028
2540
6058
2833
4075
7974
8110
9194
8398
6691
278
9578
4512
7796
1098
2992
5590
5411
699
1752
6760
1361
2116
312
9700
6379
9373
2165
1885
3686
6949
2465
778
7560
5198
4754
5534
3308
8500
8484
4552
8679
2715
8964
1127
8265
6508
1270
3676
1759
2922
436
3021
4938
5201
7273
1317
9126
9338
7654
2812
939
120
3491
3051
9770
2797
3138
7631
1297
1622
2183
4528
8789
5699
5556
7054
6759
6726
5283
8418
4200
271
1439
9038
5372
8612
4907
9050
2602
7114
1863
7994
7134
9806
1045
1556
7155
4083
3739
8352
258
474
2881
3599
725
2989
5206
7384
9615
489
5803
3815
660
1794
7405
585
4959
6864
9535
2113
3978
5950
107
5664
408
5605
7121
7463
4240
5412
5816
8950
5787
3249
2550
6412
790
2308
3797
405
7249
4152
8672
2461
5846
729
2946
5357
7493
7034
7371
1472
7536
7378
7036
7845
7535
8709
5308
1776
4122
5676
726
4461
3477
7728
873
4167
4588
9122
9024
1837
7826
2348
4199
8225
2977
1697
3582
5023
8631
953
6395
6168
2884
7983
4013
4971
6693
3873
6647
5367
9450
1926
4380
2927
4206
5153
6995
8695
8828
671
532
6654
2920
4631
4879
5797
6229
3014
820
9412
8419
1767
5580
5855
4303
4145
827
5548
7919
7374
915
2021
3852
5195
9400
7959
4900
1047
1306
8280
1619
1738
4935
4439
922
4366
4788
1703
1932
5509
1115
352
1828
1248
6107
6031
5293
6834
1579
7764
8761
6946
4337
7165
6693
3738
9676
1594
4685
982
4426
6204
2621
3913
5195
3443
2832
9884
9598
4664
5393
713
4916
1773
1861
5576
7705
1707
6962
3836
4023
5723
783
8261
2889
2028
6551
2565
8074
1236
8000
2501
1993
621
6314
7088
8516
9046
6972
8114
8263
6917
3379
7731
8591
9693
3307
948
1400
270
9236
9875
545
4571
2788
7886
6500
9239
5004
4574
476
3004
1627
6921
3525
2494
4009
6593
1540
982
9259
4355
2451
2638
2087
5594
2331
9846
1094
8183
116
331
8059
5114
9354
847
3000
5854
9987
7904
4981
5015
5460
6508
1936
3537
8902
5845
130
4995
1379
9289
3902
8283
1928
5889
3877
4159
5736
9424
2343
404
9655
4954
5418
3661
5701
2971
9416
340
5427
8949
9807
888
5457
1743
4325
8912
2141
4356
8459
7972
8197
2361
907
4677
2803
4685
8737
3091
8661
5632
3395
2968
5138
3366
6529
839
889
5945
5632
6216
4894
5439
1656
4904
1735
5882
8368
8328
4790
1479
952
7539
8292
1760
2217
1095
997
5506
4086
9558
1138
2034
2526
6176
5300
8955
1567
6089
9453
1751
6857
4347
1743
8414
3803
7930
4296
6723
6258
3638
8102
1762
1177
1047
3422
3294
2042
4319
8700
6029
3877
4390
7963
955
5118
7815
9811
1238
8456
9264
2889
5313
8163
9084
3727
6519
7014
2575
3242
7824
765
5897
9487
1843
6844
2909
9589
3438
1781
8290
9367
5558
7232
1982
6414
2351
4349
877
3489
2805
141
930
8019
8204
9915
6298
9275
1581
3426
2518
9306
4091
2967
8793
5834
9711
6254
5424
7701
7935
8266
7069
8046
5498
3603
4460
2401
7853
9789
442
658
9830
1273
3229
2686
5740
4080
1962
7221
7406
8932
1179
1497
1899
9872
1884
6162
779
1860
3863
8614
126
5484
6660
176
3640
5672
7030
1493
5461
7372
6603
9843
3197
4385
2530
3489
8365
8944
5263
5771
7876
6342
1820
4327
867
3604
5041
1546
5364
3456
160
9942
3493
1373
4671
7033
6945
1701
8426
6959
3625
9581
6802
6723
3966
3884
212
6883
2828
9927
7206
5256
6270
8927
4135
7037
7083
9076
3135
7000
7085
7747
1594
578
9020
6165
7511
618
7766
589
7477
1392
170
4279
2667
8589
8064
7331
5472
5444
7259
7231
701
8081
6158
4736
9670
7793
8365
2805
9345
102
552
940
580
4125
7005
7991
4643
9324
8480
6672
5268
3202
951
2487
6343
3567
9718
1816
8912
1629
8947
4165
9610
9657
3453
3932
2102
6370
6637
1448
6372
1742
2288
6852
419
3845
9395
4962
7721
2527
6186
2989
5630
1689
9928
1973
5157
4299
8241
8621
5828
1840
2786
9991
6049
791
3923
8052
7062
5113
9400
7986
1407
6240
4839
1726
9985
4234
1240
7707
1314
7326
5248
6844
8915
5177
3369
8624
9376
6163
7245
9756
7903
4583
4399
3953
5275
8223
6557
6889
7888
5957
4875
9195
2197
4266
921
6734
3053
2061
4441
4267
3939
9590
5663
2854
9319
8932
1479
8695
9647
8624
3103
2203
7760
7403
6056
7587
278
7165
4476
8066
3122
9251
1913
9771
3518
2734
6505
6471
9247
5499
5290
3186
5089
953
592
8960
4437
1971
7655
4085
5148
5310
6188
7460
2713
6796
5047
2891
3961
9423
5509
1635
3326
7322
1406
1396
4608
2463
2419
8407
7862
7609
6145
7503
8462
6638
6463
2900
3161
8670
1537
2861
3981
2277
321
6594
8973
5268
9386
7486
9243
4895
9021
2570
6770
4979
8418
1378
7342
838
9686
5205
8347
483
7260
1462
7021
3724
8814
183
2394
351
7496
6275
2528
7718
7422
6053
2986
6808
3539
6782
6255
7112
9252
7577
2091
7670
3508
3985
3060
7746
3742
5960
8129
1003
7322
5151
4627
788
9786
1573
5591
7282
7749
8019
9552
9723
8624
7091
6531
6715
3873
7338
3827
3125
9468
470
5347
2976
8907
2960
722
2650
8820
8751
3553
6142
8454
2732
6830
8240
4205
2421
175
6506
4992
9627
6229
8168
6718
7312
4883
591
9203
3262
8168
3323
8184
8068
6199
7091
1028
6821
9641
9748
224
7746
542
8579
478
1924
1471
9136
4245
1546
294
3789
5726
1076
6509
2444
2940
1392
7488
6695
9106
5656
9918
7290
8276
6117
4381
9204
7490
8575
8952
7615

