1024
9603
8491
6662
4303
9624
6007
9166
7834
6413
2835
8960
8753
5580
8231
8860
2880
5490
1846
5592
3786
5079
9824
3846
5663
2616
5744
6747
5340
2221
285
1486
1825
8676
8048
680
2953
8607
9746
787
5020
2581
9648
8326
2714
2531
1838
146
7921
3585
5639
6259
8564
115
4657
8779
2632
401
5526
7872
2523
5711
3910
8800
8940
1958
4032
1893
5117
3778
7132
4690
911
1432
3016
8077
3863
4754
8124
6337
2891
3763
7148
6007
3778
1806
4786
962
2107
312
8734
9082
576
7196
2534
9416
3706
6466
5861
8724
4796
2993
3414
260
4326
982
8237
2741
288
6361
3630
3080
4676
779
3639
3007
7037
8326
3869
9044
3190
7156
2779
3666
4352
5213
7634
7959
6232
3495
1335
1028
1041
9201
5740
9819
4735
3978
7112
4923
339
743
2555
9468
5974
6095
2475
3011
8973
6244
6607
6715
7952
9286
4934
2305
9052
2568
4816
5284
5964
703
864
6905
9804
6505
1376
9091
5035
8388
4014
9826
9031
1122
9294
9557
1769
6321
7120
5294
7118
3728
2009
5070
7566
6843
1927
6618
3964
6643
6454
9828
1898
1871
1385
6254
2928
2661
5345
7863
1049
3912
7689
4633
9486
1636
8742
1255
7857
5863
1101
4975
9491
3010
9946
7057
4406
1873
8228
8270
3069
4682
2750
4867
1105
8587
5674
3933
1248
1019
6348
6749
9383
8590
5934
8869
226
4677
124
7983
540
1125
7511
9931
8588
2109
1640
7546
3882
9768
5816
1503
9003
8466
923
108
7053
6497
8494
2853
2068
4842
4154
1452
3432
9989
321
3558
4666
4898
6094
9658
5923
8157
4241
9063
266
5781
6609
4048
202
6977
104
9105
9995
927
3765
1700
1976
2259
4453
3944
7002
3160
5296
4986
3149
5518
8445
2367
416
9091
2025
891
7248
6166
4507
7414
6499
5668
6014
6601
2646
670
358
2641
1497
4024
4242
7925
6183
3247
1870
7737
6307
1718
2724
4008
1788
5721
6275
6656
9364
2852
2100
6612
3570
6507
8578
9970
2175
9144
1223
4721
9715
1482
1915
5764
5406
6057
3690
6141
3856
112
3879
164
6282
1155
8624
7971
1428
4900
9179
792
2304
1279
1956
5775
2338
534
397
4414
4230
1520
3687
3945
2902
154
9610
2860
763
7852
8902
4520
2516
7333
9136
8698
3040
7760
1321
4368
7212
501
9612
9417
1680
1568
9744
3919
6554
141
2885
784
6113
1124
4630
3568
5731
8792
6328
6394
1296
9782
914
3712
1767
4602
2410
4707
2363
3632
3627
9475
4033
3239
3544
265
4707
3288
8636
1261
7881
6073
1946
8547
1750
1128
2115
7381
9820
8343
8327
5668
2778
3794
9280
4445
8296
6242
9053
659
9774
7232
4687
8359
472
2783
3177
5079
5972
6365
893
8405
2439
7291
6952
8641
8319
3619
674
2791
1963
8901
8359
9193
2695
2291
3638
5544
8433
7243
755
8208
4476
5342
1219
9400
8026
8848
9031
8550
5214
9824
1607
2205
7115
3112
846
9986
6631
1420
7329
3146
4873
5688
2339
2121
2531
530
7565
965
7673
8220
3725
6701
3563
4844
6101
6141
3693
5133
9243
3459
9509
850
5564
1277
8414
6310
1263
5046
2282
8493
8092
1707
8733
4984
3728
1265
5414
1293
2130
7639
9414
5755
4341
7529
5151
4994
8222
3396
4679
2117
6755
4189
2867
2319
5366
5834
3181
6529
880
9915
9574
3524
1623
2960
8408
5251
4125
8374
1097
807
6014
5063
1114
4907
7144
817
4453
5366
4114
9033
2035
5421
3222
9354
2293
3140
5188
5374
4221
5968
9842
3796
4045
6017
6656
2453
1268
5333
5380
6817
692
1394
6432
6258
853
3576
6975
5206
3494
5641
8791
5429
1063
2013
4784
3256
5053
9872
3182
9175
493
7576
7523
4438
3593
8731
1443
9314
8616
6723
6131
9208
2669
2564
5466
3422
692
6993
3181
4087
2635
1972
9416
8150
8438
8752
1406
8043
3277
9040
1870
3670
6617
9293
8008
210
2676
9351
9424
1292
727
208
5052
3296
2672
518
1271
3264
7412
8904
1903
4599
876
5872
2749
3866
4624
8607
1910
7801
7647
8232
6023
8816
2178
8583
3579
4754
7935
3003
599
3214
3111
5551
6410
335
5970
2233
8052
7934
1137
4507
7085
6466
379
9734
332
9456
8341
6694
1909
640
4927
7833
9357
1657
6416
2936
963
8903
491
1462
2117
8055
6914
8428
2942
7436
5213
5546
9922
6251
9954
7007
2717
4885
6741
2949
4341
9634
4196
6151
4826
3675
3984
4183
5232
4952
1671
6095
3856
6615
2110
5873
4670
8924
8853
2164
6360
4067
7611
934
4870
2217
7841
7487
7002
9134
4988
1344
3420
9084
7395
8146
7311
5931
6882
7095
883
8453
7743
4639
9620
9753
5065
8842
8677
8470
1007
9589
7089
8518
5075
1959
5287
2916
9346
2289
6602
4335
3533
9922
7971
928
8068
9835
1411
4950
6930
2195
7956
4673
1386
7576
8978
1003
6419
2307
9374
1978
1896
1115
496
1523
2975
5683
4339
6873
2524
941
1208
5958
5415
3732
1438
3484
3567
2750
8334
5049
9397
942
4275
5335
8419
3253
6239
9390
5461
265
1368
1909
1280
6316
3333
8707
6551
2224
5581
8975
7618
1341
4933
3033
4973
924
6417
3092
3574
9304
2694
7523
4798
6869
2858
3217
122
3649
7159
135
3814
8427
6497
9547
4743
9730
8254
1294
6506
3835
4822
4124
5077
9655
7058
4602
579
8027
7595
8605
1983
4841
780
6682
1710
3539
4451
6284
1740
1611
6320
107
9938
2817
9554
9234
7099
2460
5080
3605
6196
9802
7630
5825
9458
9240
4979
4589
1919
7126
7747
8355
1967
8427
5037
3577
6518
4040
9762
8159
203
734
8166
4694
8003
7720
3928
5102
4732
8908
3259
5480
8711
5441
1305
2821
4681
837
1962
1153
7863
4261
9408
9731
2689
8997
7860
9107
7589
7622
1918
7693
2908
9984
2387
911
2356
6215
5913
6989
9675
3725
2469
3038
9066
8227
411
8300
3616
2274
9353
1479
6435
3413
5762
3676
2410
3623
7336
9899
1245
9154
7592
4054
3791
9879
9417
6047
746
5331
7588
4974
3608
4610
7912
2674
7389
8224
974
1005
5050

