128
6971
8590
2437
629
7738
9881
240
9937
9463
1708
4919
9143
7779
9718
4859
8717
1079
3364
9010
9708
8031
6548
661
9671
5229
5693
5636
4792
3059
6209
3586
9930
9351
5923
5112
7090
456
5252
1679
4471
6861
1150
3615
9192
868
3026
7909
1847
942
1571
1555
3525
8019
2116
3196
3249
2361
8733
2593
9872
9494
6079
4455
8846
6555
4119
588
1563
9271
2167
5935
784
3217
4102
4528
8537
1680
2437
384
2522
8460
6392
5947
6480
3060
9043
4281
9874
2428
6774
9746
1923
7406
8753
769
8513
2872
1257
9976
6696
7876
563
7380
5645
9117
1909
4182
797
8798
9018
3219
1911
5410
3718
8291
8371
2762
7124
8245
5090
3898
2643
1565
5856
1397
2234
4369
8721

