128
4326
5528
6954
8992
2935
4994
7770
3138
1341
3407
6613
9447
3912
4826
8850
413
7236
8776
5607
4097
1485
6206
9881
5920
1405
194
9469
2618
4721
9552
3980
8947
5080
5487
2591
2567
5033
362
257
926
8221
6771
373
2133
6149
9123
2447
7937
2551
2606
6587
3936
8713
6468
4409
4670
1214
3878
7188
5835
7982
5721
9335
7614
5760
1926
182
793
6740
339
1619
4962
1662
1892
1647
7711
5567
8546
301
2670
1153
6788
1158
4418
7808
5467
8988
8923
3897
829
9310
1879
6450
8645
9394
2210
5124
9476
7455
6416
4367
8974
1378
5930
5418
7478
8193
5537
6024
8394
8107
7077
5182
9165
1495
7543
9185
484
1118
3082
1213
428
4862
2215
3626
4256
4325
3302

