128
7972
9231
8889
3004
3628
6360
4132
5068
3872
1436
3890
6055
2023
8560
8425
1750
5201
1983
1827
8634
7190
4133
202
4032
4320
4536
3196
6305
3779
3343
4040
6303
7126
2930
3859
5306
3842
7892
375
2266
3880
4165
8222
5803
7277
1299
2106
2478
3183
3833
5664
4925
2518
5767
3509
1390
4855
6605
7595
3186
4500
6188
4042
1627
3670
7801
1485
7412
345
1760
9579
4125
477
2453
4481
7654
3652
1139
4685
1387
9424
349
6213
1942
668
9622
3232
5423
880
5380
3162
5280
1568
7104
1459
5138
9457
2845
2550
4355
4505
6681
3032
9435
3686
7413
1741
1891
8452
6326
3178
2528
6576
9291
4370
7144
3566
2155
7120
4346
7435
282
9526
8903
1938
5538
4041
5947

