128
2842
2820
3328
208
9272
6733
2834
4370
8267
2178
4428
2140
4522
3633
8074
547
3939
5843
111
2735
2205
9285
4354
3276
5983
6299
8293
730
1457
1526
3010
4199
4246
891
4307
3519
2176
7041
2441
444
3771
6770
2484
8193
4955
5110
3293
8794
5505
7856
6082
7610
7142
436
5438
3125
1287
3731
3756
2644
9709
1318
6744
3956
2109
5603
2027
4186
7197
8920
9082
968
342
1566
3714
5197
1229
6907
3992
6634
4763
9974
8797
6457
410
4235
4135
1598
2519
2443
8694
2228
3661
5438
736
5671
5594
2663
4409
2791
1584
3491
3659
1826
9509
7273
6924
738
8732
5468
1925
3496
9994
722
4505
404
4857
8540
6454
1928
983
5149
4057
4545
5139
4693
4768
733

