128
3832
1649
634
9285
5778
3336
7574
2545
2452
4180
7520
9466
3721
5345
7630
9636
4047
3197
9245
1422
4627
7437
4364
9423
7412
3547
2050
8647
3253
5964
6716
1637
7513
7250
923
7844
587
3049
389
7491
1782
7810
6957
5403
7707
9139
5039
6306
6888
8837
2280
1516
6274
6545
5491
3686
4644
7441
2334
2449
3405
8950
3987
5471
852
9362
3315
5891
2411
8156
3382
4093
618
4891
4048
8226
4030
3640
9084
919
2477
1365
6887
8651
2462
2378
2338
1658
9719
9124
4007
7676
2726
2546
7699
3478
1908
1014
3922
8772
3723
7204
7417
4241
2096
1466
7019
678
5006
6104
1497
7383
2021
8284
6034
8935
662
2924
593
4933
6600
9052
7162
3878
1599
4861
1909
7959

