128
9427
1365
8354
9445
6230
8910
7414
6327
3953
8967
5786
4939
1317
5629
101
8387
3883
6574
751
5794
4359
3067
9177
1799
3919
8313
5880
4786
6083
7771
4823
162
9036
3177
9507
5266
2087
6921
6145
592
540
1931
9983
1757
2112
9984
4696
548
6558
5347
894
5470
2966
9972
7169
6785
8285
3050
1572
8920
821
947
8982
4409
4024
3141
9575
663
4614
372
1155
5054
2204
5690
1363
8768
5675
5960
9216
6785
5859
111
2255
8726
4635
3977
163
2920
1579
6187
1840
6852
7034
5374
1261
1058
8415
5388
6173
3029
5660
1880
2635
2416
7471
3898
1185
3146
4410
401
4483
270
4964
1291
3548
9499
5168
3611
6971
6647
9699
8711
3499
6733
4085
9212
2344
7052

