128
1566
1205
9637
6205
1731
2134
5418
4083
7749
372
961
424
2786
7043
2268
7067
4442
4043
6307
3598
4341
6447
575
4934
8580
1486
1838
4009
587
8540
1532
2053
9645
5721
2810
1376
7755
8128
9912
157
3053
5425
481
391
2468
7202
2011
1462
1245
8218
4960
138
9217
9987
4972
7797
1474
1363
6359
6513
4455
2443
8467
4100
8064
5829
9929
471
8510
4493
528
1563
9818
5462
1854
6839
2664
3765
8201
8361
6535
7714
3051
405
7701
2576
2754
3727
3839
3665
241
2846
6008
3260
6846
8624
8989
1427
3648
7499
5820
4076
8962
291
4090
5369
7030
1306
3686
9783
9567
222
2149
2619
5079
9751
9647
7733
3478
3486
1399
3619
6232
7307
1431
7630
584
421

