128
8173
1597
6731
4576
3526
5154
4347
6332
2413
131
5254
2867
1132
146
5201
1592
7302
3954
2829
6899
4971
7446
9347
2438
7471
1911
8834
1832
2236
8492
3967
409
4641
698
4885
8067
5753
3784
4399
2718
3815
4206
137
9400
4252
5239
992
6106
3745
8273
3006
8616
5719
6905
5607
3190
3369
8993
9475
5505
2137
7994
467
6679
8592
9804
4746
4345
3589
3698
1616
1956
7804
1653
1356
6608
6792
6800
2715
538
5073
273
3706
5345
7078
3865
3087
4999
7411
7114
505
9448
5108
872
6127
3701
676
5426
2598
8717
3676
4114
674
1480
5668
1930
2640
7012
3283
5255
2102
8256
5428
361
3601
7059
8678
1241
2058
6089
8255
7015
190
3364
2439
869
6965
7568

