128
5298
1527
2514
4234
4246
871
1606
5091
4779
5035
9834
462
9078
7971
5920
9323
2263
8429
8434
9534
3218
1637
9777
8181
3594
306
1563
3209
8961
8478
2062
4259
4557
4476
8394
3356
5247
9900
8347
4578
9487
2834
4940
8565
805
861
7889
7520
3842
975
7055
1612
7064
1484
9693
658
1690
5808
8319
5204
8839
381
9363
3396
9309
2409
1304
4557
6861
9552
9035
6349
2386
8528
9466
7643
9289
2007
5164
7683
2882
6771
9195
4498
8155
3540
5057
4397
3901
3376
9501
2740
8210
3517
688
7519
478
1893
6628
7240
1445
316
8141
8283
8744
7607
578
2685
4167
294
4920
6949
6965
4115
1448
9672
7555
1057
4070
1456
8885
8123
8648
1747
6192
9237
3819
6571

