128
2430
3158
3666
3852
7511
3308
5362
9693
8204
750
961
4621
7825
4684
3677
3880
1347
9674
9380
3145
4116
9688
1052
299
1192
1959
2207
8492
1773
9094
6244
4104
2253
9811
2508
4316
7671
2422
4009
5875
3073
9422
5049
898
8659
3278
9230
4558
2952
3262
7603
1621
2951
3207
1820
8595
9618
8479
7087
1392
7573
7883
5396
4378
2346
2456
8595
9917
9331
2604
445
2404
2027
9946
7754
5238
3224
6984
9696
728
4798
1952
2249
2301
5059
8521
896
4678
1652
2535
622
9126
4971
570
3504
7217
2926
2099
1787
2257
9156
2132
9113
5735
2078
6867
973
9754
8403
669
482
3202
7073
7184
5403
2133
5705
852
1363
7258
3287
1885
1036
8158
2355
8992
9928
9733

