2048
1911
3777
6720
9949
1354
8952
5941
3794
9337
4637
9899
3381
4653
2295
9466
4800
7995
8594
7291
8920
3283
2507
7686
9692
1350
4422
1161
2349
4165
7926
4832
5976
1703
6104
577
7509
9609
6419
1303
8946
5608
5754
6879
4814
7949
997
4166
597
9491
1457
9417
2774
8417
7103
7018
9667
1525
8079
6568
243
657
5953
771
2260
2057
1249
9670
1666
7568
973
5164
7728
6628
6595
2542
9129
7492
1260
9626
1635
2618
9043
4310
1035
799
5880
5254
6776
8512
1822
6919
9069
7675
7591
1330
4285
8740
1000
503
960
6425
220
8588
7605
6715
5683
6735
8760
6843
1013
395
4013
4609
9157
4948
5308
5038
202
2084
3550
6477
3556
2619
8704
1147
3849
7541
4439
9301
7945
5299
379
2717
8439
7884
9332
8674
9171
8092
170
4737
3040
4083
9246
2197
8932
4554
7135
3686
1190
685
163
9198
3205
3420
4897
1606
961
9236
908
3458
9087
5739
6075
2179
8175
9960
853
1999
2704
923
6636
5644
4907
5882
7742
8391
4988
4877
6629
730
5463
6693
9829
3220
4665
4726
9278
5526
8515
4738
8885
7602
477
9512
4333
8553
9472
5087
552
2177
562
7088
7721
9921
7522
115
2964
2510
4893
9494
3140
4908
839
2969
2680
5404
2248
1958
5482
763
6597
8919
2917
6974
8432
7151
179
2556
6790
631
9185
1904
2271
6907
1826
9693
1574
4690
2203
6367
8736
9796
5827
9475
2765
8407
9431
4913
366
4914
228
1515
3833
3046
3041
6817
197
3121
9274
1539
3652
8459
3343
476
9918
9621
169
1493
4312
6825
2412
7600
6621
8140
7076
3938
1199
6507
3404
6017
5973
3532
7432
4359
1130
474
1176
5779
8047
5002
7218
1699
8014
562
2075
2584
183
6697
3977
8947
3522
942
1200
4695
3634
8176
8533
9285
9235
1937
5303
9761
9922
7287
4120
1052
2313
5196
6732
360
4751
3950
6512
2765
8964
3139
5249
3700
9736
3779
2647
7810
9173
8299
2505
2807
6475
1039
2092
363
7428
1947
124
7350
9135
8696
8303
1448
8444
5035
6261
3195
3537
2773
5860
2502
464
5662
6102
201
3993
3301
2563
3166
1601
4969
5873
2628
560
2517
7443
7888
4365
2119
5239
8052
815
8094
4052
9160
3129
313
2355
6566
7538
2768
3620
7903
2982
4274
2656
6875
7476
5119
9941
3629
4640
466
6157
5100
2883
3601
7541
1800
5620
7332
9752
988
5426
3805
148
3107
8570
6955
4225
6109
9623
7746
8564
2605
2020
1220
4032
4048
891
3973
7577
5432
4339
8287
5084
1775
6440
7177
3475
2060
4509
7780
7500
9835
1585
7548
2942
4707
4504
7068
5368
8679
9366
3932
5837
1386
9604
9769
5335
496
8295
7464
480
2634
5751
116
4309
2191
7194
2337
8704
1703
117
6204
6091
6154
3753
8933
5413
2809
653
782
6040
9919
4614
1877
5858
8771
6199
5745
9167
4494
3209
4199
1680
3513
8767
542
5604
5961
2779
4308
2217
7348
5065
8208
8054
3370
1793
3467
6079
6899
4149
6671
6818
3316
8449
7228
2087
9200
2973
5806
8246
735
4557
9826
4148
3324
368
4304
3838
7599
3165
5955
4947
8130
8715
7553
1500
5060
1021
2131
1959
5070
8702
3330
2938
1803
5110
4925
5555
2636
731
3801
3271
5188
3628
1971
3065
8448
6175
6803
6048
3892
7310
5547
2022
6025
3101
7974
5637
4022
4657
2149
3644
7912
5379
6483
4267
5041
1408
9723
7577
6592
8076
5400
6332
1704
7271
9297
153
7999
6100
753
6443
3410
6200
8366
3987
3853
992
4177
7775
202
6226
5972
8014
6157
2455
6833
1198
8315
1208
8676
9459
9185
4076
5792
889
5900
9641
5494
8451
394
799
4894
8256
6900
7812
6796
753
3357
973
3081
3459
7099
8953
6025
7808
5960
2858
8906
8827
8519
2234
8287
7704
863
8631
3145
6663
2924
8540
9666
3218
9239
4560
1475
791
2373
8171
5997
5630
9044
3630
3641
795
7135
9566
8503
3095
6976
2061
6474
5495
4196
9313
3199
4959
7944
6245
6174
869
9337
5840
8539
3228
4952
9914
8472
1877
8085
9021
2059
1781
2651
5600
2476
9686
9718
5531
7333
6695
7493
8359
6742
6241
7673
4494
1200
269
5291
1926
5590
4628
2318
4130
2408
1822
4044
5432
3600
2130
4453
5559
8363
1656
1160
840
5894
878
923
7779
2125
8316
6139
8768
4557
3812
3262
309
3981
8453
6687
9472
7633
8905
3602
4593
5280
2198
9926
8780
8780
8931
8891
7144
588
9951
2536
6382
5382
3359
4162
2059
1676
4853
5379
785
8565
8541
995
7098
1646
7582
1222
3831
1140
9276
8325
6320
1475
2903
9652
255
1834
8543
7299
6874
3147
9735
3257
3081
7647
1971
5040
9223
6724
420
9908
9841
3513
5455
6939
9612
7590
2714
3443
3282
1990
6320
4154
3365
9123
3806
3521
958
2349
5372
2384
9948
9660
5541
3029
7307
2064
7970
6530
3340
2942
1090
3181
6355
1098
4673
5967
8588
7287
3963
6422
9177
283
576
7095
9307
4282
616
4817
1183
540
7101
1132
200
7195
8613
7407
9159
6583
3937
7052
4077
9480
233
433
5130
9358
952
8270
1297
4815
4692
5027
4999
5168
2122
8858
4002
7190
8227
9637
7630
5328
5321
7731
7075
3935
5138
6235
5070
3628
7839
9048
3108
2624
4033
8138
1983
4885
6408
7732
9601
5652
2759
9152
820
4781
2662
9274
1971
889
8911
4154
6117
8785
1885
3193
2720
6923
3980
7690
5103
1819
1390
2763
8895
5323
901
878
209
1861
8511
4362
2065
1270
8066
2785
604
728
6611
7027
1517
175
1181
2186
8860
7518
9831
1580
8994
3811
3822
4097
182
5113
6761
8978
436
2214
4408
5097
8528
7471
4011
593
3294
2077
7831
3798
7257
4442
5377
8674
4517
1111
5413
7929
8529
5244
4061
7523
3608
7784
6173
8242
7449
2934
7220
2437
5048
6181
7435
8128
3652
1446
8622
6846
7976
6453
5196
5233
5447
5126
8460
4517
6137
3873
2446
4666
3669
6408
6742
7177
4192
7467
5420
6193
401
7192
8530
9901
3373
617
8030
1578
6516
1304
2976
4492
7657
8073
4277
3104
3199
7289
7521
3888
5714
9868
3106
9284
928
9748
6461
9572
1867
6433
5765
2168
3626
4295
6622
1551
9365
9204
3029
5881
508
558
373
2717
8531
9102
5721
6282
1044
7795
170
6658
2315
3176
5942
3143
7477
6956
7267
3896
3389
3032
5965
1567
1879
7139
3019
1244
6343
600
7025
1403
1058
1950
4020
4141
5605
4293
423
6549
6640
5045
3207
8855
2774
3702
6550
4803
5210
3817
8599
8499
1401
9116
4619
7733
907
7538
8877
1802
2690
555
3105
3649
6957
1677
7690
7114
523
2666
8215
7063
2263
1423
571
9489
9577
7021
8844
4787
5391
2096
7838
1344
1212
2457
8977
6572
4547
2507
8274
7138
7514
5932
5339
9023
7509
3029
6138
2584
247
4353
9548
6963
328
119
1104
9805
1692
9849
9144
6983
1945
1635
8228
3057
3992
1857
4181
8440
4264
2456
230
1778
8288
5469
802
449
3050
1492
2934
7750
5745
2482
4713
5974
7053
5717
431
8645
5566
4128
281
2063
5663
3061
9573
4207
4818
3754
7199
8983
6110
7329
5313
4398
7350
6015
9300
401
7407
2234
8051
7705
9168
7316
8231
6221
3033
3214
4866
3152
7242
9599
5115
7457
2660
4688
6217
7379
8343
3416
1014
9005
5298
6227
3404
2648
6795
7256
2949
8754
9390
5552
6459
8558
2868
9242
9331
454
2457
4197
3506
4251
8349
3173
6261
1009
2414
2478
2940
757
5794
3854
4314
1092
4634
2270
8193
5981
9426
5694
4735
8816
1247
5747
2026
8567
4989
1357
8921
1998
107
6979
6150
8356
4705
6963
3917
7019
9341
6758
2328
5135
5164
6542
780
4350
8713
3525
331
8139
9119
4967
1608
4918
5266
3534
3486
4807
9344
6959
6706
9351
3939
7408
2359
8544
4371
6176
5563
3712
2934
2443
3399
2651
8885
8631
6901
7598
2156
7133
390
5828
6652
6450
746
6470
4536
4132
1277
3880
1092
2535
7783
9483
4495
142
8027
8766
871
8142
7030
8257
585
4982
908
4022
8165
7710
6173
4874
9395
6463
702
6047
7465
5900
2517
2001
4585
8246
434
229
782
8117
9612
5177
2812
2291
8496
3583
4985
178
1840
122
9612
7201
4044
7778
4911
217
2652
8858
1232
7806
9457
8597
3706
6526
5151
8191
4772
5485
8320
5454
8154
2584
5184
966
4775
8232
9001
9660
8310
842
4334
2575
7943
8279
353
7406
3048
7457
6264
4181
9815
373
7330
3521
6799
2481
6265
1571
2518
4585
1578
673
7070
1314
6091
6397
9446
5093
710
2408
487
4944
4883
2982
3223
9688
388
6172
1797
1204
4905
1612
1477
6787
5034
2828
3821
5851
4299
6239
436
5777
1464
2058
6991
7456
3008
1089
7101
8170
3398
7488
3114
2833
470
890
7074
5310
1614
8771
1066
1071
384
6995
7758
9870
9723
1579
5721
8574
2371
709
4352
8287
7220
5895
395
4780
1537
7396
2950
9387
9436
5964
2220
4458
1406
9194
4320
2920
2618
9838
3891
2902
6833
6202
7324
1208
2333
3045
9683
4604
8206
8587
7444
9978
9034
7739
4758
571
9688
7608
9858
3776
8125
6631
8135
9431
477
2455
6904
2995
2294
795
449
3679
1549
7673
4788
3783
5270
9023
2939
8029
7610
383
8007
6644
2675
7318
1768
6915
9478
1626
691
7603
2809
3378
1687
7739
386
8491
734
7132
3838
5636
811
5288
7861
151
8971
3132
3726
6462
5713
1336
6746
8272
2533
3973
5590
4201
888
5069
379
6031
2672
7641
9310
4259
5380
9596
7302
666
6728
1141
6202
2091
6329
4064
2143
9852
1748
5769
6314
2013
1658
7612
285
4091
1585
5776
2844
6925
5397
7675
2957
2621
5316
2267
1433
696
6415
8635
5815
3143
9676
2017
5134
657
633
1829
509
6833
2151
6724
8746
3709
8888
8932
2352
474
9260
9648
1951
4657
7323
4808
7178
7192
1627
8511
2440
7942
1799
8155
5637
1475
4725
772
6585
5258
7053
6994
2092
9104
8270
5390
7365
7159
4322
4269
2185
3582
3917
4036
2791
5793
3397
4522
2985
4924
7585
9877
2867
9284
8033
8404
5312
2758
3728
1897
2568
782
8791
4560
4438
1714
9851
1804
8773
8725
5973
958
6860
4443
9446
4203
4788
2843
8625
7673
7668
6211
2202
5087
5495
235
8043
5359
2893
6324
7156
5362
1658
600
4474
5996
2214
8877
7700
5539
2255
8226
6397
9015
2669
495
3218
7357
3239
1844
9582
5459
2607
1784
5098
2654
6472
7693
7914
3917
4017
5070
9179
5575
5570
8206
1572
7684
1735
3824
3223
3890
2050
4172
7457
4619
9120
676
6528
2359
6972
762
2370
4131
6999
7368
6685
3471
5061
4599
7288
3631
4222
1120
9106
9692
9226
5230
2029
5513
8955
9704
9304
1005
8429
6761
177
7549
1989
1257
4460
3513
1920
6730
7544
3471
8650
4230
6842
8263
3381
4130
1894
7503
9702
5553
1848
3580
783
3777
8994
4290
8033
8298
5196
6462
9611
9825
4011
6153
5634
8371
9566
7454
9653
1763
925
2955
5893
2319
1219
3826
6350
7565
5882
704
7670
7630
4185
3006
5959
3179
7196
3992
6029
6944
455
292
1421
8918
6345
6956
1942
5912
8962
6147
2227
4440
9003
2672
6659
4774
6398
7561
2339
2280
8166
4562
4462
2351
7468
421
5430
4664
8866
6011
6161
9221
6203
7482
2791
2549
4438
4633
3013
7953
781
5140
2393
4336
7712
8952
9010
8662
6514
1349
5495
4680
463
9857
1583
7831
4831
1565
7048
3697
7476
3209
7470
3679
5243
261
6128
4234
9347
3693
2187
4680
3385
4480
8916
1097
7984
7926
4312
4498
3827
9707
3730
4191
9564
9765
2022
8947
1330
3622
2644
8706
6731
114
2386
6527
4828
3066
5313
4175
1312
7400
8755
4597
6432
2323
247
4416
249
4459
3467
8528
8718
1749
2719
2934
1515
9194
1882
2745
2816
4426
6004
4100
8993
2942
5179
3821
560
492
2548
1772
7792
5855
922
8776
8078
5621
3192
2879
4632
1211
1407
3350
2861
4027
6184
8828
7773
7966
6125
5141
6945
2129
3793
590
4971
8872
4311
9984
9264
1411
1756
1708
7166
7130
484
5244
2751
8129
8023

