2048
7846
7463
1125
3438
5922
481
2654
516
3434
2952
6486
5021
1512
4436
5282
3792
7030
9887
5097
1131
3646
8871
1460
5381
6745
3339
6932
8629
8019
1225
7471
517
3241
3148
8407
9063
8082
1062
9479
1516
8466
617
1090
4530
4954
6272
8222
6536
811
3319
7567
4357
6743
3580
4290
8040
6819
1223
1321
9390
6900
8692
4459
141
6393
2866
3757
4475
8380
3236
543
6846
3754
1533
1376
3260
2357
4151
9696
7621
2022
1916
6530
8665
9948
821
1357
6767
6496
2579
6157
7948
5823
616
7990
2216
3382
1747
1243
6315
9435
1687
3161
7741
7672
4438
5553
4582
3141
5250
2203
5063
1718
3285
8281
1666
4006
9538
2985
5054
6669
9042
3003
7045
4210
993
3813
2144
7192
4957
8359
6627
1196
1521
8921
3420
511
4474
7902
3552
4276
4657
3167
5894
7843
1448
2112
6401
5539
4997
1456
6760
8591
8911
8357
2801
4456
2171
4846
1648
1680
3205
2827
7328
9178
1748
748
9589
6123
8551
7693
399
3208
861
846
5603
6761
7410
2005
6852
6960
7913
8165
203
6824
6522
2905
5832
3245
2303
2032
4825
9960
9311
2153
9139
1060
7354
3380
1735
5905
5626
6586
3665
1039
1984
3821
2352
3947
5726
9105
5459
3639
1922
5562
5015
8344
3019
5399
6142
5222
7331
967
9735
6642
7573
3526
2254
4927
6806
8441
5384
6984
9580
3601
7923
6116
7322
276
9963
7600
3933
5422
5791
5755
985
806
8651
3904
757
4793
3679
7988
313
3414
9183
2438
6840
5989
1917
8198
4431
1853
5183
8563
9906
3106
4679
7229
7834
4643
9381
6319
4617
5173
2074
5502
531
5278
3959
1189
4623
7538
3729
9388
5504
7464
1826
6896
3454
8195
5094
2437
9948
277
1000
9855
7836
231
1736
322
9326
1117
6542
3944
842
3168
9346
1274
2998
7857
6915
7522
9947
644
1562
5451
8009
3289
2347
6015
6036
1994
3004
5985
6723
8456
492
9111
8587
6680
9334
7914
2349
5876
1858
3092
8944
5756
8818
1943
8166
5733
4017
8113
6277
5479
8117
8838
3320
5016
9405
9257
6910
2409
9794
8186
865
286
7297
4005
6866
6631
1919
9115
2507
8229
2207
6004
8537
1025
2499
6703
1310
1068
9369
2140
6447
7486
978
4320
2502
384
3577
3965
7245
3371
2151
2663
8109
9348
6568
4975
632
8387
8642
7591
1268
5402
3595
9705
979
646
1061
2190
1614
430
4230
7962
2468
9660
2282
9422
4596
411
7939
1842
8234
9990
4405
6343
3991
5525
5870
4523
8464
9064
2114
9632
4466
262
3989
9898
808
9502
6640
6875
9832
870
9389
6852
5082
1671
6275
9579
6534
4214
5973
4768
8757
4930
5663
7300
455
6085
1823
8819
5149
8389
3103
4168
3203
6992
4066
3912
6495
706
5339
979
6028
4728
7732
1110
951
8559
5241
7385
7325
1214
6705
6082
696
6920
3382
5603
3005
9657
4422
8054
2699
2077
6774
5802
3622
840
9614
117
5998
4953
5548
2026
4233
7832
7589
5084
1043
7382
2469
8269
8497
3726
8903
3745
646
6838
9249
3551
6495
8223
6158
3746
301
7484
9449
3823
8225
3715
8392
8775
3221
8492
5354
7354
977
7495
2439
1920
4877
4808
4741
7926
8435
3645
1672
3633
5035
5473
7085
6082
3696
7795
9729
8449
5279
9178
6824
8056
2893
9768
1484
6014
8261
6738
3369
9138
4233
5708
5610
3662
5068
352
1589
8055
8449
3161
1689
3484
8534
3326
9466
6782
1121
9195
5232
952
8373
6608
8909
1267
6377
393
7181
4638
1683
5102
8328
468
810
8490
4030
431
8742
5519
8386
1843
3232
9975
5227
6318
3301
4694
3101
8874
8441
2885
9727
6815
4045
3288
2634
422
8133
4367
9512
4368
9370
2492
4736
4732
983
3318
5063
4277
8738
3450
6021
6522
7977
1248
2841
1279
494
494
4705
8836
7831
4432
303
1876
2272
2837
2199
405
1756
6263
9225
5678
8656
3961
411
9539
7180
9926
3816
570
7928
9737
6992
5906
5538
4385
1737
5932
4779
994
9320
2610
9879
4175
8939
2151
6912
1138
7009
3221
7301
6234
8799
609
4748
3762
148
6480
8241
8417
1602
6169
2806
3146
6627
8244
7432
2916
8729
6763
3811
2701
9274
3690
6777
2865
393
8241
3903
7302
1462
5756
8089
4814
6266
2837
8476
966
3869
6717
9283
5371
7439
2090
8417
4066
4886
5849
6883
8167
2613
5246
869
6439
8836
7546
9204
9129
5787
7659
1084
7150
7967
9073
1964
8785
6462
4992
9652
331
1710
3587
5602
9049
229
8571
7667
9568
4421
9102
7735
1586
4348
8504
2577
7736
6050
6333
1518
6390
3992
2502
3540
6511
6127
9956
5297
7141
9500
9501
2024
1210
7640
2178
4811
7770
749
7031
1990
9622
6133
9625
1208
5034
8130
3685
2770
8732
9918
4188
5122
8462
1242
3214
4974
1921
7722
4823
8962
7223
4324
5538
2985
6516
7616
2349
8838
8266
9280
828
7888
9965
454
8997
4999
3136
7234
7670
6420
1805
6410
1543
4819
2205
9209
4345
4026
6932
9068
7541
4155
7944
3079
1692
4461
696
3941
3299
3514
3221
4028
1402
3187
8934
4951
8086
6622
6738
408
3042
3095
6719
9037
7814
3476
8247
2160
7402
9731
1228
9495
8438
3725
7127
130
8086
2375
3972
1385
5789
7093
9865
1743
4832
8799
6595
2919
5421
7885
7779
3016
980
4498
2053
8694
2526
4852
5406
9829
4583
1187
3976
3021
4812
1103
3052
2898
7930
6924
8735
3719
8569
3253
9915
3402
6604
1162
873
6578
8947
8552
9494
9827
7603
6099
3173
129
952
8480
4510
9987
4219
8387
3009
8931
4042
613
6381
6525
2089
9668
4796
658
2921
4711
8512
9426
5773
9285
6004
4720
2490
150
9099
9993
6149
6825
4674
7001
9857
9085
1641
4076
2124
4550
7559
718
9615
3940
7143
1704
3608
1940
6814
1082
6551
9879
5060
6877
3816
1064
6149
6206
5666
5249
851
1815
6626
5426
3369
6483
9063
4910
559
1187
4012
2670
1805
3627
6510
8849
9783
4670
5341
1249
5652
1892
1128
712
8669
4845
6228
4819
5603
6446
4620
1007
8162
1246
6333
6083
2281
9948
993
7292
1135
9457
9862
7392
7636
1024
893
7419
5594
6134
3220
5799
2579
8801
1063
1248
8198
1844
619
3801
8190
9691
4708
1004
5489
5593
6987
7670
5541
2532
9514
1228
1989
9376
8521
9525
400
3966
1596
547
101
4717
6246
2580
3518
1861
8280
1716
3605
3452
9969
6348
7695
9230
7252
3185
4823
4240
5407
4917
6672
4922
6045
3214
8850
9118
2739
3803
3085
8788
4250
7638
8057
5048
218
1575
6809
3050
7743
4967
6402
2364
5867
4098
1594
3119
1835
970
1911
7142
5787
8484
6616
6384
1698
5467
155
8889
9170
7692
7677
7972
5330
5734
3020
5448
1861
4381
8398
4156
3900
9353
6421
9667
3451
7915
7339
5186
8785
9150
6880
9124
2286
3497
161
8436
3516
216
7326
7238
7808
9555
5210
3138
9842
2782
3138
6255
1715
6088
412
168
5441
6733
4387
3444
9200
1726
8530
2638
5429
9963
1762
7615
8012
1823
6052
1528
6491
7930
3318
4299
7485
3080
1989
1979
414
5027
8135
2029
1116
3099
6649
6457
9732
5589
9802
3584
1867
2984
6122
7196
7499
2437
4812
5511
4160
5416
6939
652
7898
4809
9403
5383
7789
1393
1915
8103
972
4602
4685
1988
7601
1334
2998
1985
6823
7352
5469
8591
4888
6144
439
2388
8481
9703
7799
7193
5119
9291
2397
3017
4100
1801
2953
1890
7646
9320
4545
8518
3922
9130
5059
1523
465
7957
7960
1840
9861
3429
4983
4749
4125
5323
7037
2606
5026
4837
4352
4698
8680
6649
2267
2780
3002
9672
9122
5200
8992
3668
3719
2914
2798
3330
8889
7715
5839
6849
4108
5700
4831
8991
449
3508
8866
7387
667
8445
2224
4919
3143
904
1568
5310
8136
9023
4983
1911
4223
8527
5479
2494
5994
2829
5724
4883
5097
6115
6285
9105
1815
5668
2748
2165
9076
6167
9452
9643
4612
6228
9114
7655
1684
5235
7517
4372
4258
7052
6183
3033
5580
1662
5428
6126
8944
5704
5561
8593
1820
6398
2350
3535
2066
4998
252
5695
5717
9604
9890
329
484
3657
2536
2068
8792
9954
6341
3050
1658
2524
5983
1790
8639
5963
7816
2235
6220
3378
828
2592
9676
3078
679
6295
2628
832
6542
8246
4988
1084
3127
5373
4641
5564
1993
3433
170
8234
1035
1728
5311
6919
3419
8502
7434
1235
5289
8206
9065
669
798
3394
3647
1378
9589
827
6662
783
3625
1650
1767
6653
1575
961
6769
3469
4294
6839
6255
5230
8467
6118
6701
1886
4620
8687
7574
4461
6894
1291
5030
7592
4585
3229
3522
8726
8509
184
4061
2134
1735
381
3339
3210
1242
108
1231
5436
6847
7387
5218
9867
3505
6471
6305
2678
5159
8431
7039
6605
9623
6622
8749
8760
9751
2272
2139
8260
2356
6100
4947
8543
6381
8186
6306
7523
2847
7437
7512
4246
4824
7282
4113
2882
3754
419
5460
3465
8750
7051
9970
3025
3673
3371
1786
7977
5543
3825
6237
2452
4477
1184
5547
859
3923
1853
8282
6670
9191
446
916
8567
7629
4930
1449
5935
9801
1461
9300
3203
3065
3922
6129
1290
7193
7815
9167
7289
6192
9957
9641
669
1141
5188
1428
9516
1594
4263
838
5337
9161
1655
3904
6790
1137
9806
2725
5490
5819
6577
8593
8784
5051
4722
9975
6797
7089
9142
4086
3281
9099
8279
8403
4793
8019
4383
4309
9513
3198
5048
4850
2360
1255
8655
9050
6844
3113
6328
2334
8832
7457
5479
7617
2509
202
7592
9206
7191
1386
7844
5025
5038
6123
7980
9731
4142
2363
8592
3656
5462
8192
3058
7722
3999
6265
1424
843
9278
2304
7629
2763
9662
3109
380
6723
3211
2524
581
4954
8362
8325
4531
3400
4448
2511
3131
3142
4775
6276
1350
237
9020
4309
2511
3020
5126
3835
3763
4405
692
5945
7068
354
8954
2000
1629
6717
8976
2110
6223
7338
4987
755
739
9335
7718
8322
7029
7045
9150
8280
1834
8171
7141
4245
1191
2267
2633
9406
1224
3225
5351
2844
8031
4305
9296
9560
5574
8272
6222
1798
5611
1209
7005
902
5096
4723
9124
2125
1769
8275
4957
3503
6446
6650
7649
2189
3470
4834
1595
4594
7959
6847
1991
5990
5704
1287
202
5831
9460
976
7529
9623
2085
4534
525
1733
3809
9549
8310
5478
2476
3268
8882
3474
4470
1183
5563
7840
5917
1711
2435
8428
8458
8878
8970
8714
165
3724
4545
4177
4600
6626
3800
1237
1160
8777
2870
4870
2979
5732
4900
5355
8900
8334
3382
3371
9417
8845
5763
9886
556
8098
2966
3566
6976
1936
6833
1694
5560
1378
5771
4712
2557
4124
5849
3617
2901
3271
3039
5780
8904
2492
5688
2456
826
8970
379
4796
2467
6043
4682
7476
8693
2201
1042
322
4037
7775
6468
4150
3706
6791
8762
815
915
9164
4332
8269
6987
1924
8601
543
4316
8841
7452
9594
7811
2383
4390
4831
2978
3625
2307
1672
5726
3249
6446
4315
5577
2914
8365
3835
9605
1780
4550
5073
5496
3434
3342
7035
9810
6495
7479
8678
5337
9483
8273
7700
1866
7215
2531
4745
840
4738
969
6466
2540
7315
782
2669
4781
3699
1056
4386
5379
5506
9359
5427
3492
7253
2463
7855
8301
4494
6533
8190
3977
9358
5890
5743
6574
2974
5040
1966
7612
5909
8333
4704
3224
3667
7273
7905
1918
2881
6844
1850
8287
855
7177
6332
2661
4192
4187
962
8586
5272
9052
2563
4631
9494
8207
5757
2468
3247
7623
4633
3709
5956
9237
1485
4175
1163
9291
646
3944
787
2396
6784
1542
4125
7668
8655
8218
6407
9517
6804
1679
3221
9268
6210
2716
2127
1967
9636
9826
9491
4269
3535
9999
8059
4921
8727
3774
8764
9273
2270
9451
6221
8954
5545
346
1274
4201
8464
7581
8270
5269
9161
6044
4537
9923
3312
1216
6443
2948
1042
586
1770
4478
5137
9729
9299
3864
3503
2715
7689
5673
6718
3910
9180
2263
8709
5006
1016
7173
2588
9187
6994
6301
9783
6083
6224
3095
7199
2667
5943
8142
7705
7613
7172
2843
1994
1123
6607
9949
3738
8849
275
456
7311
4007
2619
6020
8913
8088
3194
6053

