2048
9798
802
9313
1781
2718
7844
820
4831
4817
1819
4520
1774
4631
2329
4705
1204
9576
5845
8806
5448
7511
7614
832
5428
3816
1196
321
2587
9120
4334
4735
8918
9589
8600
5252
2307
6445
624
1691
5814
2344
763
7489
1527
7544
6746
7183
1772
7143
641
7120
4654
8156
7852
9983
1972
8948
4856
9011
2721
9091
3747
6191
3332
2347
5995
5539
3344
6520
1782
9059
3416
6997
1200
9395
4542
2498
1230
6214
9541
1771
7887
8748
4479
391
3383
6351
3892
8139
9915
1165
1882
8214
7256
5114
5113
3252
5206
8358
4324
1540
2069
2292
8438
7721
1687
2980
219
7369
3746
4312
9040
6185
7612
3520
6477
995
4423
369
3687
8890
1434
5469
7104
3242
5136
2218
6394
342
5128
5270
6334
1749
7462
4772
9370
3701
2304
4141
1070
5951
3005
4663
6688
618
8083
3165
6065
7058
7986
9652
5949
3972
9674
7605
7115
4810
4375
8061
9604
9403
7884
5938
5704
5346
5263
9626
8948
7467
3767
4570
7970
6673
9133
4659
1843
1868
2376
7808
8827
363
7461
9328
4235
7135
6933
5902
6497
5861
8516
753
9816
6400
6591
5521
1746
6406
5147
5246
3874
8815
9717
1844
140
3502
1055
1883
5271
3332
9591
4098
3595
1704
7978
2382
3391
9463
2837
9788
5324
1353
5093
5141
7653
6237
5214
3951
2643
361
3750
6417
3728
8019
2814
8320
1521
3769
203
6692
1653
4347
5342
9700
5951
7872
6635
9243
7336
9372
3683
7212
725
8677
6905
2930
4914
2119
1433
2109
6933
5083
8427
661
7654
5793
8882
3728
4114
3637
4972
5668
7884
315
9920
8388
2739
6555
2283
4627
5927
518
1840
6552
3747
3297
4034
3213
5317
9920
5223
6802
5003
8202
7363
7210
3995
897
938
8009
8987
5810
8229
1523
677
8150
9811
3317
4705
6646
2496
633
7065
4236
1737
812
2086
324
8478
7303
244
3701
4105
9699
1903
6020
6909
5798
1470
2399
8359
457
8110
6589
1880
3339
4739
6244
1208
3996
2890
3605
4529
4507
7741
819
5220
4379
1043
3698
1682
1187
1951
339
886
8306
912
7696
4104
2282
4647
7015
7191
2757
8156
3623
5997
7447
4419
7105
1444
7210
5262
5873
1717
7556
1244
1489
1935
2187
9639
3518
3274
1590
8309
8613
4448
3773
961
8452
607
5508
120
7698
2818
8176
5874
8715
5624
293
472
6968
2055
5635
7393
8225
3191
8538
9614
5026
5277
3906
3096
3104
9948
5958
1717
4397
9631
2578
7401
239
2638
7421
2489
5356
250
2915
8623
5774
3109
3648
7294
9616
9183
9239
7841
6926
2429
7456
6504
7607
1362
4153
5263
1310
4663
6880
259
4294
4010
7561
8985
6548
4982
6027
1905
5132
8842
5080
5458
1951
8628
2752
1568
2463
6544
3961
3941
8873
1417
4998
1132
7231
9051
6295
3094
3714
7727
3253
2560
1737
814
6098
2838
349
2125
9195
5381
967
4275
5392
7371
2904
8044
3491
5267
9140
7352
3761
8014
3322
8659
3698
553
7710
9894
8099
5976
7621
5905
3088
3911
6619
9086
6649
1520
5763
5844
1454
6631
4671
6746
4002
2127
4790
7393
7295
8483
4745
5608
6497
7967
4267
4747
3073
6529
4641
5724
7057
6815
1629
145
5278
2801
3784
1927
4221
9447
2323
5575
730
6894
2321
4632
8922
1664
6577
869
147
1323
1029
1196
3842
5196
5843
1467
1725
5037
7092
8682
6404
8621
3379
1682
1422
1715
8061
196
1163
384
5671
1793
1830
2545
978
5304
4109
7455
725
8708
3330
1654
9804
1725
6750
299
3092
3027
9788
184
6261
6192
3358
4193
2426
9232
5808
487
9328
1523
5323
5000
3217
1706
7445
8647
1562
6106
754
2188
4814
3985
8294
9170
5610
9597
9369
3254
7176
9158
7891
3438
9902
1249
7531
6881
481
3339
7268
9710
9315
7144
9262
7084
8750
6707
5731
4864
2813
6385
6952
2179
370
9799
1349
532
9396
5270
8239
6572
8980
6130
4562
8883
7279
2093
5764
2312
9885
7584
2022
9200
9280
1284
6284
8030
2543
6567
2895
9808
2952
4399
6539
7775
4198
7788
2859
8146
3059
1098
9271
6591
7128
3833
126
8959
479
442
1272
4916
7927
7746
8668
7207
3583
9504
9790
678
6071
7237
487
3575
1636
1578
1350
387
9267
8662
3085
6878
4312
2356
3469
1441
742
3496
4952
1121
3838
776
5937
6317
3075
4605
8077
6558
4109
7867
1788
4732
9656
2175
8207
5844
8206
4110
783
7473
2772
3769
8903
6984
677
6924
2977
1319
420
2482
2340
8711
3158
2829
9580
785
1986
7657
7243
647
176
8932
5279
4384
5659
8039
229
3865
2149
912
5890
9373
4581
4793
6357
5159
1718
3887
1030
6590
921
3271
9853
3979
652
9434
9217
2539
1743
6460
7638
6372
9944
7470
756
256
5509
885
8573
7558
6250
9016
6931
831
3809
7840
542
9979
6279
6025
1222
7100
3848
5627
5632
4400
5061
4849
1491
1357
5861
9030
7629
458
6500
2937
614
6561
3723
3739
8671
9873
2755
254
5256
1117
7994
351
1096
8826
6276
6770
5926
124
2398
6110
8976
2011
959
468
7820
1373
4050
5449
1731
5102
8287
6797
1663
6562
536
334
1087
3192
488
6243
4209
3034
1146
9757
6412
7322
1180
6891
1998
3478
3001
975
9941
8413
5895
7762
4338
9845
7763
5969
9499
6050
2766
1162
7164
7754
5948
8151
946
988
8947
5055
8474
9993
9365
4887
1968
545
6330
3866
8475
3883
9293
8416
2296
5188
6178
6534
9585
3942
7055
9084
4544
4373
4798
1709
2128
746
4412
2974
6186
3359
2582
4661
3353
6499
4100
5221
6944
430
3639
5419
4213
2933
8387
1062
2673
4566
2148
6811
3060
3756
547
7504
8029
5246
3765
157
544
2730
7584
6631
5989
4718
5844
9242
1217
4496
9015
8061
4826
7207
8032
3591
4692
6419
9105
7265
5537
1254
8628
8497
4910
9076
654
7491
8874
8871
2201
9318
1601
9685
601
2143
4403
997
5937
172
5393
4953
2785
219
2160
817
8263
6752
1788
7368
8569
7226
3174
1850
375
7984
926
929
128
9700
4353
2229
3670
506
1914
4172
2549
869
5069
8387
941
5015
7892
3626
5134
4604
8895
7949
5908
683
5318
9029
2461
8392
879
2737
1029
1705
8118
1057
5957
2471
3186
4180
2878
9552
2904
9879
4973
2525
8266
466
7440
810
8544
7127
5314
7439
5076
1222
2674
394
4804
5036
3339
5583
2325
8820
1841
443
9777
7698
7367
7515
6430
4797
1719
9234
4676
6592
1760
7495
1610
9100
8205
154
6227
8072
2145
5856
3846
4719
802
8550
4307
4041
4134
1184
2861
5875
6080
7190
8125
3447
9257
4556
8144
976
8342
7372
2120
102
9419
8182
3755
2277
8236
4534
349
381
390
8647
9553
5645
1850
8412
9586
536
4149
7000
6311
229
8742
8988
3576
8000
8096
6272
3528
6439
8196
201
1093
7616
8283
9300
9793
1172
8387
4694
6005
8677
7893
5558
8874
9643
8523
3113
179
2672
113
1042
7353
3407
4583
929
5959
7231
1753
4040
8222
9849
4141
9216
2117
6976
3168
6462
8048
1555
5708
4054
4785
3602
4164
3659
7797
7239
6672
7877
4463
1337
3471
1816
4645
7954
7197
5156
5186
3502
9096
3408
3352
7789
7176
9921
9318
4897
1036
2018
6352
6644
624
1137
4798
4689
9249
2596
6480
5921
5025
5496
1811
8396
7212
1008
1003
8962
6064
741
2464
9713
8601
368
2154
5778
290
1472
675
1226
3391
1579
2422
3915
7169
7121
3156
6418
4269
4189
6891
9194
9585
8602
2242
6797
9510
3145
411
227
8338
2776
9840
6940
3044
6546
7270
7786
7919
2497
8912
5862
3976
5887
4329
1145
3008
2038
2115
7177
6127
8907
1023
5712
7509
3165
7061
1672
863
7373
6351
9101
149
843
693
7645
7289
7863
5432
9760
360
8896
5622
8789
4783
4504
4486
2343
6442
6502
4072
2569
5409
4995
8181
7470
2713
5242
3694
8028
7167
9945
7129
1868
788
2375
9414
7978
238
9398
2390
5051
8294
7913
3840
7630
2417
8226
9873
8759
4728
3946
5880
4689
3493
4061
6712
6106
3855
406
8686
5575
4904
5816
7343
244
8091
1409
2774
2881
807
5065
7832
3654
7530
6224
1284
9847
4451
5709
3258
3731
4207
9038
2973
2253
7651
9585
2911
6058
4543
1598
1633
3999
7314
8877
4144
9957
4838
6818
7390
5546
1883
9775
9100
9313
5999
4936
3812
5002
645
1622
3286
9305
5212
6159
1558
2863
396
4369
8822
9391
5867
5007
3391
7733
8436
7435
2342
3275
8805
9633
8721
5241
4060
2473
4554
9959
1961
2919
9514
7058
8993
2800
6363
4206
8859
7821
6969
3807
6743
443
3198
2610
9903
6489
4896
8339
8476
7138
1614
7282
1423
4887
2523
5383
1912
1629
9895
3773
9000
9409
832
7994
2209
1747
2200
5620
4121
3721
9327
5416
8617
7077
7926
8520
3567
7374
1511
6595
4513
3026
3877
488
2465
952
424
4278
2482
319
2603
6034
9628
7887
4028
6389
4187
780
6561
8208
4402
540
3624
7571
7517
6102
6091
5636
8029
7502
2232
2542
5080
661
7482
2098
1514
7806
928
8448
8025
7983
4482
2305
5871
8411
3246
4610
9091
9707
2818
8045
247
994
5616
2317
1648
6259
7853
9577
8314
4637
6671
7946
5199
8706
9944
6613
6512
5424
9613
9090
3408
4095
1395
9179
7058
9094
8341
802
8801
5711
8747
8949
6605
8916
5818
2805
5175
3671
6935
3489
8209
8158
5988
7960
6864
5932
9125
3377
1357
8738
7019
9217
2833
2966
3048
9792
2060
1389
594
862
7000
3893
4363
8157
2809
181
962
7885
8304
2449
5926
1165
608
1914
9025
7372
2399
8150
5301
8208
6888
2320
7425
9622
5187
473
4066
7147
1762
9112
2561
8662
3005
6824
6819
5715
1557
2333
8152
9762
4683
4078
927
5191
545
4505
2563
2844
2655
2417
1052
9444
4637
3029
3718
9724
3402
2336
1524
5064
1448
3985
8278
8905
5362
5097
4620
6819
1982
2772
1233
6565
1403
6613
1756
1848
1118
8772
9144
8225
1189
4748
2321
378
7677
591
103
5631
2827
6079
5247
8727
9964
3525
7633
9878
3174
2253
1350
5056
9478
7035
6174
5433
3648
2482
1833
9218
5806
977
7444
6895
277
4317
1826
2506
4809
6381
8037
7536
2460
3284
6264
6976
1361
3897
6855
4435
702
8105
4043
4732
9692
4769
165
3341
7152
1898
7111
2958
7327
9107
4406
7504
3425
6132
9910
8134
2513
7947
322
9425
5783
1138
6401
7044
4935
3256
6031
190
5913
4627
4822
5606
9296
4888
3499
6448
6686
5162
3959
4014
4270
8265
6070
2247
8949
5981
4933
6014
8480
5155
5439
4264
6194
1840
5860
5681
9549
1892
423
114
1071
5146
5620
367
4586
3671
1368
1272
3386
9779
9738
7556
2696
461
4355
1645
6342
9188
2211
4822
8895
7550
3638
9641
3942
9399
9875
3491
5843
298
3506
6814
9896
3678
1733
4482
1902
7553
307
5188
7332
9945
7296
9928
4958
1651
6125
1300
5391
8236
675
4286
438
4213
8480
4281
8164
8355
2324
4007
3205
5730
821
3102
3961
7007
7484
5763
4560
7691
5503
6445
2289
2799
6373
7147
8902
7051
3000
4293
9839
3575
3131
4830
2340
6163
9011
505
9070
1335
4412
2276
1618
9686
9830
5479
6693
7314
5794
5805
9558
1297
2250
6399
8548
3176
3546
7450
227
6446
1743
4618
4573
9326
9348
1466
5490
8359
1871
4560
4247
835
1388
417
5073
1218
448
6318
3085
794
2124
2643
1991
4274
8942
5091
7350
7040
2541
2129
8039
8736
6648
7164
8062
648
8530
8104
3560
4953
7217
7707
341
8505
2676
5314
4276
3024
1633
7261
3718
8209
4456
261
7035
7950
5252
4386
4990
7693
1067
7581
1081
2267
4746
3695
2816
7828
1800
6276
2782
3569
8535
3023
2074
1211
2889
6250
4135
8974
8063
2405
7183
2519
2566
4219
5021
7718
3157
4564
9963
4124
2145
1044
944
1443
9191
8212
9172
991
4488
6506
4460
7575
4081
1087
8686
1522
1889
7373
497
9853
9678
7580
6924
6796
1799
1946
4514
9408
6410
9029
3533
3107
4625
8929
4451
3816
7141
8175
9260
6181
9233
3720
3756
7866
9259
6994
9288
1149
8919
9685

