2048
5876
9000
6075
2643
245
7000
8350
1826
322
3758
685
8273
9873
3508
1133
6274
7808
8526
4593
8584
9359
4053
4333
3264
8900
8358
997
6495
6756
577
4455
7184
9477
530
9728
4274
2082
8078
652
2304
1836
1237
5130
1709
4645
6163
2535
7005
4689
7028
5590
8600
5633
4475
1864
4533
2833
7313
5581
9490
7790
9936
1326
1919
5019
1054
6093
7001
9032
6645
3858
5420
7783
8888
1682
6980
5051
4117
3986
4292
5698
4128
2893
5883
8503
4657
417
5888
1971
5898
9930
4313
486
1257
6133
5405
2211
6778
6959
1244
7976
817
1216
411
4257
2798
7291
3860
6816
1277
8052
7066
9857
945
2949
8360
155
3266
8801
6578
3716
8731
891
8655
4540
1576
8612
6652
8255
5571
2448
6231
940
3564
1194
5097
6263
8385
3509
7631
4215
1562
9249
8624
2407
2198
6985
2462
9917
438
8940
8185
3721
4384
6840
8162
5860
5453
4814
8667
5576
1814
4898
6417
5278
644
6066
6093
8930
9476
8276
7697
5590
7525
6321
7897
9624
7858
4912
4193
8196
8404
2378
1918
2788
9119
9980
8549
9124
9346
7216
4700
1160
6667
5669
990
1863
1736
1636
793
5764
9812
3042
1354
1990
9264
3803
6166
1774
3267
359
9871
1672
7189
6341
4360
6308
973
7461
9984
319
9230
4685
5931
549
354
1473
2312
6542
3009
7558
6858
7374
5152
2764
9264
4416
1120
9982
6091
4287
4893
614
5859
2082
1507
4772
2943
2380
6785
2927
7151
667
7512
3082
5668
2419
4455
2533
3513
2017
4643
372
9291
9695
7588
3207
4112
8608
7741
4755
2896
2634
9821
3307
4616
1328
7979
2111
3608
9317
4939
759
4536
7003
8293
205
9322
7300
2638
2836
3869
7181
7660
7712
6876
5248
5471
5540
3857
3212
4847
1305
398
4668
4512
9467
548
7044
1578
4056
6361
1069
9267
897
7973
2212
5554
1947
4065
8092
9235
7834
9825
6895
199
1354
6696
5570
1446
5105
8683
846
6310
3633
9966
822
3100
515
2418
4579
4471
3331
5548
8291
4129
8073
5055
4235
9921
9020
6880
9156
1507
6705
704
1606
2611
1952
7076
8510
6957
411
9256
3267
3945
9222
8541
1597
9637
5512
728
8661
8743
829
1604
2872
8802
6559
1660
3375
232
8440
7084
1639
9697
7688
7697
2309
4192
4773
5371
1149
9637
4627
8868
8134
8401
2061
9631
2691
7473
4912
1352
6217
5641
7408
3641
4443
3967
5201
7719
4099
3641
4803
290
3339
7043
7887
200
1235
7213
5471
6836
1502
4650
5704
4188
3051
7665
3819
5642
5139
8631
1546
1356
8824
8854
4897
3268
7374
4651
5539
6025
8192
4894
6216
6083
1937
8655
6183
7624
520
6206
4460
1922
856
4716
662
8360
2381
4382
8554
2072
7565
101
7880
6390
3507
7330
4210
881
1981
9649
6807
4725
9095
7575
809
1032
6230
1544
3208
1303
2303
2220
7677
7611
6836
8240
5971
3769
2622
4526
5742
4739
9079
3622
5681
2586
952
4443
3368
7385
8644
4727
2111
7739
2302
2820
3323
8432
8816
6431
4287
1119
3203
1965
3283
9939
205
9154
8261
7279
8232
4003
2018
1963
2177
2252
4450
3030
1247
2370
4967
9792
6997
6978
7531
3851
4350
855
6835
3167
1838
1123
8738
4942
2988
2021
9433
3093
5728
7694
372
3960
6249
6842
476
8327
8994
4826
5909
242
1748
876
4586
3297
7755
2117
7048
2105
7424
3883
9724
9163
4906
3115
4105
7794
5036
8090
887
5316
5785
5711
3829
2034
2554
4205
4913
6100
3583
822
6242
5231
1599
828
3080
3906
7398
128
563
4822
3911
288
3985
3370
3303
2642
1164
2891
5285
6504
2760
5622
2215
6489
7556
4669
694
7022
770
8729
7744
1564
3960
3895
6845
6940
7701
8795
1620
2817
3617
9983
3005
2155
3353
860
9249
8970
8203
4534
126
963
156
2241
2004
2265
1463
7150
9187
6685
5879
1583
2801
4391
5379
4198
5883
7632
2993
7403
449
1163
7387
7906
7770
740
3318
7019
4262
6074
6106
4288
1589
814
1082
3494
2979
6997
5196
6718
8234
1076
8202
5587
5367
8133
9686
5803
417
7231
3206
5319
2946
5145
3225
716
438
1096
7636
4600
7070
8294
3441
3211
9008
4423
6605
1988
5972
1802
3258
4206
7330
1460
9693
7249
4145
9379
3052
4463
1263
811
9682
4109
5856
7459
4726
6194
3107
6914
5347
4729
5208
8688
7841
8768
7663
4446
5308
3635
800
8467
7741
2682
4479
7434
9832
8525
1466
7436
7540
2629
8147
1874
1290
8556
3885
568
9302
6893
7382
4649
1622
7142
3337
9363
5911
5552
8362
5771
9087
3714
4238
6828
6297
8618
8815
781
1795
281
8117
9235
7362
917
5661
3204
9373
9446
3673
8675
6339
5607
7877
2514
2750
5766
1877
3213
1319
4791
8884
406
8406
7675
7135
9255
945
602
4588
7192
783
2705
1079
2697
8074
6640
5801
2099
6086
4026
5327
6978
9534
3204
9392
2284
8870
5821
9949
189
5165
3485
496
8123
5712
2183
7378
6557
2685
6518
3749
7920
3775
4728
5169
1850
1368
970
3849
2007
9449
9076
3537
8983
6832
2929
5819
5703
3302
5768
444
3019
3805
840
1142
9418
7475
3072
627
160
9490
4277
2632
3266
3557
7701
9568
9378
8572
3417
5937
8021
7046
9374
1656
8430
6855
7375
4133
157
7695
4478
3077
1500
9770
8671
918
7246
1744
5998
1958
5786
275
4491
8952
8284
2192
8520
7662
5316
6490
3599
7889
8088
7525
9445
6518
4380
1472
5204
8990
9067
4234
6619
568
4004
5290
5938
5802
1586
1936
2313
7273
6663
1356
6225
9500
3448
9298
7162
3317
440
5314
5758
3080
2839
9756
9498
1772
1228
9254
762
4848
3488
7281
9868
2045
2571
5806
2399
8610
2295
4612
5883
3510
5868
6660
3010
3869
5958
4725
1738
950
4591
2048
3930
1982
1804
7981
3654
7485
7235
8868
2333
5276
6149
2201
7221
3273
2559
4172
1883
9306
3337
7666
2817
3757
4326
379
2178
4837
9556
3816
5687
4147
417
9518
682
2121
2151
8788
4158
9286
7657
1043
4562
3806
7696
6335
1631
256
508
7966
4114
3745
284
1483
2054
9063
1763
4133
3900
5871
7849
4139
9919
2818
8209
5153
4840
360
3941
3550
4199
1598
4494
8661
9857
6742
9549
6040
1550
4609
4007
5565
8254
4191
6948
4860
3254
3263
8893
1706
9035
1395
398
3606
4113
3159
8659
3505
3420
2600
6956
7519
8651
6002
832
3160
2744
381
9100
8747
4890
3107
4312
7696
1851
5812
2557
9557
8976
6002
1264
8011
7297
6114
6169
1411
9173
4828
4816
7145
1980
6324
9216
5183
2326
9949
8243
9523
4882
7344
8270
4325
451
7134
6573
6754
2946
3682
6312
1922
9585
2128
4485
6882
8142
654
8193
1967
9934
7562
9013
6467
3886
8229
1650
765
2830
9794
288
7613
7138
3110
6490
2141
244
7615
8796
3090
1298
9660
9465
883
1788
3950
7665
4482
9057
511
6349
8991
7973
5362
5458
6411
3592
1661
7076
974
1455
1916
3139
8493
4926
9529
5186
9622
7145
8534
2713
2995
8194
6730
3778
9882
5232
5995
4364
4289
1058
5266
7833
3583
628
7843
9895
8672
9404
6971
9547
859
3440
7238
3904
8266
6768
3643
7889
8465
2177
5154
1460
372
1884
9690
4806
1668
337
3723
5858
1296
8889
8243
4779
4069
6086
9226
7294
143
850
1493
5454
4190
8631
3911
2456
5399
7454
4897
8416
4183
4603
4428
9007
6387
8670
3814
7956
8908
2089
8366
204
5530
6609
9435
4151
7247
8662
1445
1942
9412
2838
7297
3602
1470
5760
610
1421
7766
5408
4390
1949
9911
3370
957
951
2041
9223
3459
949
5864
6377
5605
5946
7538
5040
9997
4785
8254
5995
1280
2318
8733
3129
472
4755
8789
983
729
6555
943
5019
8404
5406
8289
3913
6257
330
3136
4268
5731
3552
645
1336
9398
8083
929
9396
7421
3735
5391
8601
5954
8676
6282
978
3432
5071
1861
4061
6178
7256
3632
4582
2663
1921
3048
3472
6704
736
7641
2435
4189
2838
8224
3587
5474
3705
7535
7447
7340
2926
700
7846
6155
6882
8725
4139
1953
5138
8100
8031
2395
6284
7165
4958
2757
213
2982
9361
5402
5175
6349
9491
7914
9125
3078
7940
2830
614
5387
170
7992
5987
2569
8699
2869
1294
2838
9274
6332
938
7305
3279
1774
9022
8137
4432
3788
5672
8345
9090
847
4694
8581
3313
3819
6211
1253
1201
1377
6540
5824
3922
7079
8293
2621
9848
9487
5360
9122
471
850
1079
3651
2525
102
6340
6857
8342
6564
5202
7432
7312
4449
665
625
2820
1428
1779
3922
2706
2871
9646
1180
9851
2591
3701
4351
2078
8961
8026
7001
4364
9005
5204
6789
3659
6097
8198
2001
2661
7952
3985
9873
2401
4550
5051
5122
5879
1382
3596
3137
8705
3242
4217
3208
5733
2470
7460
2363
5984
5486
3916
348
9043
9021
1689
2703
9670
9787
9156
2331
7739
3142
6757
4693
2244
1808
9715
2675
7642
3311
364
6347
1105
9033
9456
1390
1504
6916
8205
2040
6954
2121
2288
649
5694
8429
7804
5364
2868
6961
2248
5159
4655
8905
9752
1451
5265
4119
4027
2907
1982
4291
3806
7539
7877
3262
8829
9281
4730
7034
1321
6236
3708
8061
6786
9302
1142
4590
9219
3910
6103
6019
8969
5310
9476
3374
6662
9293
7393
689
6752
9276
9432
558
6815
7309
8273
297
1242
3003
1883
7015
3792
5491
9628
5130
9346
770
4272
3217
9132
376
9136
2754
5586
8612
6028
2248
2557
7973
7389
9209
7249
1474
9667
8617
3335
7940
3466
9030
5496
5249
6045
9188
741
326
8870
4639
5548
3142
7756
4681
3418
1544
7335
3557
4708
7915
357
7165
5888
2299
6374
7690
3673
693
959
1560
3186
4325
590
8582
9474
6536
2422
4767
1414
1292
3958
6862
4334
6266
1543
2305
7710
3430
414
2418
1345
671
9483
1786
2870
509
9376
1095
1103
335
2556
4189
9112
3046
7323
3238
4134
4297
2558
5448
5489
6416
2311
4375
2683
8306
1232
393
1737
1546
7264
7534
6670
1399
9220
9440
1809
8596
5088
7364
3483
7544
6105
2595
5142
3428
5734
3829
7625
8192
9177
7666
9160
6040
6593
1843
4347
7726
6689
636
3824
8505
8070
494
9804
1943
4487
1613
539
9475
3529
8475
1671
9534
5622
1365
7514
1356
5094
5139
4100
8824
7357
7813
4864
8503
9556
3763
881
897
4299
4605
9302
6922
9552
9107
8765
4039
5272
3856
8066
3354
2331
9637
2888
7854
5554
403
3762
649
9994
2415
4025
2004
228
3441
507
4336
7105
1288
9686
5956
445
8988
7430
9897
2747
6195
8488
2572
4604
6554
5826
1487
843
3266
9241
950
3569
7556
6051
3564
9871
9976
5468
4651
3417
527
8887
5074
6267
3225
1031
6612
2214
8361
1162
9413
9109
4202
6537
3713
757
2363
5100
6052
5530
8894
6902
3651
6450
2953
1767
973
2929
1787
176
899
2214
3615
5873
8381
6741
1456
9546
3507
9718
5260
7472
8827
9362
4010
7092
119
925
2192
724
1007
1086
2178
4559
2088
5032
6226
7513
2513
7914
7589
3312
4680
5757
3738
7614
2498
5094
7160
5905
9364
2420
3377
8191
6334
1939
9835
6354
2765
2028
1630
8224
7566
3708
2783
4207
3292
3562
6272
5706
6028
3862
3570
708
9519
7208
2874
6569
6855
9934
7026
6219
6906
4955
8963
3241
6795
8798
4147
4112
5378
329
2336
7497
3937
9572
1704
7130
3134
7876
7388
3714
6290
958
8874
461
2719
1749
6930
4126
6235
3956
345
7694
8812
9208
935
259
2659
9534
4271
7937
4415
1159
5434
2904
731
1690
9934
8317
4119
1974
2031
409
7385
906
771
104
2555
2253
4130
8690
6110
8927
6384
9474
8136
1871
4285
5347
5957
3108
3284
372
4167
3271
3177
9351
4861
7663
7668
8880
9538
9600
3842
6923
506
9065
1579
2961
1318
261
6203
1980
9088
2588
6006
1876
8911
291
7123
4869
3299
4960
9693
2019
8131
7422
1370
7544
5086
8938
1077
9176
8538
9371
751
8944
8436
6782
6457
9654
6943
2661
1635
683
9701
7541
7012
3264
2385
4135
2685
5584
3647
2379
2155
6330
4353
3425
8427
3991
6916
9404

