2048
4326
5528
6954
8992
2935
4994
7770
3138
1341
3407
6613
9447
3912
4826
8850
413
7236
8776
5607
4097
1485
6206
9881
5920
1405
194
9469
2618
4721
9552
3980
8947
5080
5487
2591
2567
5033
362
257
926
8221
6771
373
2133
6149
9123
2447
7937
2551
2606
6587
3936
8713
6468
4409
4670
1214
3878
7188
5835
7982
5721
9335
7614
5760
1926
182
793
6740
339
1619
4962
1662
1892
1647
7711
5567
8546
301
2670
1153
6788
1158
4418
7808
5467
8988
8923
3897
829
9310
1879
6450
8645
9394
2210
5124
9476
7455
6416
4367
8974
1378
5930
5418
7478
8193
5537
6024
8394
8107
7077
5182
9165
1495
7543
9185
484
1118
3082
1213
428
4862
2215
3626
4256
4325
3302
3732
1780
9618
2651
5306
5549
8481
5276
3027
6675
813
8951
9621
3472
6029
9356
7189
2076
6899
6374
2460
7917
9357
8125
2897
4219
340
6423
8375
9117
9625
6659
5449
3896
9210
755
9345
2344
5931
2372
3571
1296
5875
3192
4668
6456
2548
1858
8433
3999
2784
5445
6468
2141
8123
9266
6260
3015
5689
9187
2133
9867
498
7482
8315
4261
2790
7660
6505
3273
4584
9976
4470
5011
7720
3690
1468
4821
100
4453
3372
2785
4450
9741
4826
2573
9007
5639
5489
9248
9378
7522
3767
9777
9556
2082
4038
6898
4294
5095
172
8778
9623
9094
8342
7343
2784
9710
6716
2785
8715
9989
5470
3165
9730
4848
5639
8737
487
1128
2637
4418
3202
6305
4195
7310
8287
2785
4209
2582
7780
8833
5912
7403
7927
4254
9298
711
8516
6015
7948
7231
656
7970
397
386
2819
588
3675
7758
6168
6212
2176
9270
2517
923
1232
5357
3608
5341
7839
5940
4174
3751
7895
6653
2558
7194
1917
1074
7761
9765
8206
8317
7736
3155
3255
555
3643
1482
8213
9711
7594
4942
3633
4664
5765
4765
9921
9274
4659
2412
9766
3385
6063
7662
9939
3173
4856
1856
4148
7169
1621
2354
5486
3909
9961
3293
8916
3604
4675
1782
7867
6821
6624
1500
1485
2389
817
5958
6215
5376
8270
5982
8662
8886
8196
3253
2059
7604
5009
6107
4773
1182
3013
4811
9544
2974
8004
8460
1130
7231
242
8897
4052
6766
4949
9990
3708
5667
5948
9823
5595
4219
457
4257
3105
3205
2062
5064
809
6971
5724
5482
2706
8637
293
2250
1612
2849
710
7194
4632
5405
744
8585
2171
5593
3227
431
1260
9075
4807
1408
7846
9716
5565
951
2922
7528
568
3631
9051
6192
9014
6309
9381
3859
3111
5545
1261
8274
2740
5793
3679
3384
8930
402
8877
2157
734
4690
1233
5441
5998
3631
5157
6115
9035
7979
8195
9503
6163
1899
347
9729
2760
9628
3588
5772
5174
9301
4046
7814
5095
7625
5750
8577
2579
9179
735
3213
3869
6420
3206
4419
9951
8264
5087
8986
895
7834
3141
1610
9633
3388
1339
2394
7569
9380
2718
2743
8681
6664
5109
8328
8841
859
6906
1420
9938
7541
9086
8360
3961
2292
7331
8464
5108
6970
7451
5904
4805
5144
7414
8990
8433
3306
5936
654
2686
8554
3297
1367
9770
2958
9596
8611
3717
6502
4584
8207
8595
3670
1219
2556
5862
3103
5572
971
9973
7575
1427
9330
2720
8741
8321
5705
2047
8809
6259
9185
7364
4108
553
7134
6966
149
398
5235
1203
4882
7994
9698
8452
3766
6806
8866
6769
6930
9737
1394
4506
1164
725
7126
4458
3598
7383
1057
2407
3642
243
4323
2302
696
1458
9168
5297
6308
8955
1052
5742
6949
5302
4194
715
6660
3060
2036
3590
7350
3331
7996
8414
8508
9674
7424
2106
7057
8382
4413
5251
3177
3289
2105
8325
4647
1273
3622
5507
4780
9126
1249
1730
4428
9895
6897
1088
7507
8834
4578
4857
6717
7127
7824
5225
6801
5248
7231
8411
8182
6196
8214
1359
9385
320
9584
8584
6045
7758
8643
826
6884
9792
2456
5864
9687
9253
1504
1847
2739
635
6604
9356
7662
8980
4581
9015
8781
6364
7426
6963
7113
5641
2875
1150
5861
7011
4287
1906
4770
2930
7184
6206
2723
9540
6623
6962
3446
8027
3361
6085
8562
9866
9994
876
3498
4575
9792
2279
5492
7218
3795
2605
7411
6570
3655
7824
3581
7842
4283
2903
5325
1467
3662
7948
5560
285
9462
8906
2864
7376
9543
5979
7242
9537
6755
5292
8665
6547
7472
4157
8318
1267
6662
5729
2389
4869
8106
522
7264
6941
3326
2589
8308
1540
5089
3868
1725
9103
7326
9041
6479
6870
5020
3721
6407
6328
3566
5072
2875
1038
3781
5745
6757
443
6027
9046
5213
4133
9468
7029
1074
7346
9518
3934
8786
4607
7703
5063
3710
9581
4105
190
6451
3677
8363
7411
9905
1929
7035
7333
7419
817
3078
4176
5712
9005
7774
5477
3138
1895
2506
8664
9141
2024
2599
2580
6531
4854
7543
4794
4435
6200
4884
887
9778
3247
2850
4335
9629
9785
1668
7048
602
4647
5777
6215
3652
8103
1692
1343
9898
4099
9907
3692
675
2506
824
7107
1912
8267
6453
6248
9020
1337
7035
3450
9036
9785
7685
3317
4222
3906
4918
9277
8453
695
5492
6657
3350
1736
7900
7801
387
2460
1493
963
9418
6769
2622
1331
9588
8975
7479
8608
4864
9066
6610
3900
3503
8848
1770
7625
2754
6588
6902
5759
7183
6946
2416
5085
3235
4869
2886
8074
1881
8831
3589
1299
5600
763
2530
5189
4290
4561
8349
9054
3627
4960
7507
1682
3808
9177
3860
6462
5765
5314
2221
7500
6813
9089
7137
9948
8510
9924
2674
391
8755
6164
1591
8908
1479
8573
8649
5670
3135
6998
9276
1314
6510
6783
7449
318
612
1309
1332
929
6523
8005
2981
3336
7095
119
7836
257
4595
511
549
7902
1227
2040
6810
2606
5165
111
2828
2852
7010
2105
4067
3520
3440
6068
8291
8505
7277
9523
9334
3800
7529
6868
1689
9176
1539
9425
9333
6034
4488
9782
8488
5615
6374
9851
2774
1540
9862
5502
4292
6872
7507
2911
4945
5500
8879
3236
4005
808
7311
7891
9061
9392
4759
750
3220
6198
175
2554
6784
4564
6888
5273
4731
7815
9676
7405
3907
9538
2908
2751
1063
4967
215
5908
467
8994
3696
4372
4355
1007
2264
3416
400
1575
4066
3520
2326
8693
626
3662
7809
2067
8835
2541
9782
8511
4498
8241
2702
1958
992
3665
6826
1107
9473
1845
4654
3169
770
8909
8628
7486
6877
8928
8961
5495
7001
5839
4188
7527
9402
6550
4146
2889
3643
8480
5953
8041
6721
8555
9900
7614
2220
1378
3273
6245
7675
7827
3966
8345
1388
2594
5831
8165
6075
9345
8212
3076
5184
2401
5155
4586
3503
9202
7376
7046
7682
3329
9639
8956
1884
4191
6570
8556
5469
4395
4801
3145
6775
8667
6042
8063
5813
1874
881
1888
5771
8993
9416
955
5946
4572
5442
9349
8326
7370
1047
660
699
687
9516
7035
4778
738
5591
4800
5034
4944
2497
1809
8163
8439
4424
3976
4865
5205
417
636
8751
9733
1492
4697
8857
1486
8599
1835
3408
9546
2396
4007
233
1912
5594
9464
2551
1185
4264
2137
6029
1313
3846
8744
9652
8170
2720
9070
7928
3037
9606
6679
7323
5650
5928
6180
1688
4527
7916
4996
8626
312
3555
3411
6676
9049
2875
3779
4786
1691
5816
5367
2904
9562
4111
7109
2385
6732
6179
4865
4321
437
1544
1644
640
2024
2377
2228
1104
293
1777
9630
5057
5232
3041
6285
8834
5817
9965
3620
2060
5781
3540
9417
9896
7551
6526
2281
8835
7257
7046
3157
7594
3142
9253
2786
9618
1630
9467
722
6375
1244
352
1432
1028
7846
7618
9762
8215
2235
7935
275
7916
1475
9592
7812
3578
770
4645
2414
7927
6243
123
174
3937
9276
2860
3556
907
2327
4178
7182
8023
8983
3167
8952
6829
5337
3366
5044
7472
1301
9771
9940
7228
4016
7753
807
4686
6950
7673
7166
3194
7696
7240
7031
6972
4652
587
2431
1532
9218
4166
9455
2853
7233
8407
4234
7122
6326
3830
9146
2179
3601
9086
9308
7517
6839
4667
2204
3790
2340
9270
1536
4588
1162
8467
6112
5714
3607
8444
7146
7377
2610
1254
230
4395
4213
4364
1517
539
8094
663
2619
6247
4301
6479
8317
1141
1146
521
9383
7938
4343
919
7078
9957
3938
3190
323
7445
6186
2022
9374
3348
3176
9504
7643
7289
8420
3712
7729
1166
8827
4900
7314
3129
1379
283
8722
6977
5256
2757
9467
9499
8128
6545
4108
2066
4287
4331
4064
5026
6253
3438
8274
3981
7495
570
1271
5915
4182
3552
1634
7562
8352
3500
5243
9631
3683
3965
1260
8839
6622
727
2990
4750
1824
1650
1368
663
5881
9884
5589
6687
3323
3864
668
818
4334
6391
1285
3068
9843
7371
5182
8195
5423
425
2478
9006
4290
3638
2497
5464
8817
5387
4766
5193
6937
687
5757
7371
571
5898
8610
3794
4314
9178
9064
3200
5570
4902
821
9965
6825
5903
8161
2249
6229
639
1255
5071
8730
8205
536
7547
3592
9754
7293
5082
441
7602
7005
913
3500
5615
9159
7715
9345
8224
5467
9467
7678
6188
9433
4503
2092
7594
6652
2873
2785
2460
7844
1515
665
8280
3615
8709
2687
908
8343
3028
8410
5348
3841
6462
5515
3001
8729
4861
5777
4197
4328
8007
385
8313
2510
6929
5907
3715
9702
3245
727
2199
4660
5844
479
2827
9105
7618
8187
7449
647
6597
7349
8940
3060
2865
6493
1789
2278
2270
538
1158
277
5376
9372
7240
6857
9831
5507
6560
3076
6134
3311
2289
6530
8242
5016
5635
5861
3204
7636
6408
4353
4986
5348
1965
2403
1842
8207
4581
8564
8645
291
3394
8573
9563
634
5431
4047
6041
6543
7023
6727
9754
3864
3257
7996
3433
3444
3857
1189
1081
4817
9994
5967
166
1960
2922
6460
4719
7403
5024
7916
2246
2970
6490
6362
3504
1921
409
4097
3016
1984
5376
2770
5749
3185
5318
3734
6530
9076
4823
2163
3893
4817
8030
8511
1329
5504
4971
5948
2907
4548
3865
9605
7418
4907
5967
5475
6728
6276
4124
4296
8161
9401
6966
8462
7138
2284
2196
3668
5912
1571
5731
9706
940
8313
2869
2170
3817
2393
2670
1276
1493
1087
882
3463
5894
6749
8838
7174
7578
7515
1470
391
6916
2988
8753
4054
9725
5501
2275
5637
1624
2558
9895
2464
872
2765
9086
9141
9610
6309
418
1103
7296
5752
4466
3191
7053
7857
4917
9183
5372
6288
9474
6840
3828
2879
5446
3553
2932
2273
9091
4456
4732
3638
1473
156
955
559
9197
565
1420
4167
1568
8617
4471
5935
6360
1525
8344
1277
708
3716
2117
4735
5108
5846
7514
554
9299
447
7280
3042
9355
2012
6581
828
2068
7436
5840
5817
7902
7160
4537
4022
5777
8908
4509
2137
4985
2853
7867
246
1121
9884
4881
6129
5730
6947
1236
9582
7294
8416
2624
1302
428
3757
2030
6948
5746
7770
7317
8200
4931
6406
2222
708
5315
6632
7298
4852
4037
9717
9550
5059
9601
4431
1188
9884
5931
2324
4118
7777
5292
6642
8979
5620
4952
1010
7120
698
8680
8990
8798
8163
5396
5572
3424
711
6756
722
116
794
4991
9566
5753
4592
8550
1493
9028
4481
8270
3146
2258
3562
4341
1238
3735
9193
6700
855
4443
5380
9745
7793
8096
5142
7917
1520
405
4674
6694
4973
9920
1685
4540
5673
829
7642
1718
9758
2123
9888
7456
8833
3451
1797
4623
1738
5542
1323
2493
4537
1256
6791
2330
9252
6485
4800
772
1442
9374
7366
6316
9294
8951
5408
9519
4332
3050
1237
4090
5073
5678
1547
8458
3681
7796
3082
5319
3339
4305
2364
2428
5461
3707
4659
4713
192
9359
5385
6087
3385
7303
2403
7231
906
7711
6750
5139
5313
2539
9129
4938
2769
5228
3396
6350
3025
6378
6221
916
684
8486
3244
697
6745
2455
5311
6838
6366
5248
7477
4303
2552
9780
1534
3358
2143
2836
8397
2008
9828
2179
6846
2597
7307
242
3500
4884
1173
9621
352
6309
2759
8049
6906
9405
5056
6769
895
5975
2018
8272
278
9022
8052
6265
2380
4747
9001
5330
6655
8829
2061
3501
5979
3920
8195
9379
3357
9268
9000
3609
5577
1760
6210
7036
1165
1267
3805
1960
1794
5723
232
1972

