2048
8545
5277
3076
2881
3969
5116
7397
1502
1301
1259
6663
1643
3014
3389
4927
9287
4237
9115
2764
7726
4690
4331
196
4740
3918
7671
5714
5969
4704
615
6811
7801
5792
9788
5234
4313
9456
2631
367
757
8342
6930
6852
1356
4871
1780
5195
9008
5447
7859
1387
137
6742
6035
9329
5213
3706
5043
1182
2962
210
7893
5315
5902
2333
549
4767
6341
7632
5035
6998
5974
6517
3851
1882
1389
183
6977
4949
5530
9389
888
219
783
6823
9448
5896
5082
4491
1630
2596
4601
4076
7812
5055
961
8261
4374
7203
5894
9309
8753
6420
479
7156
8203
6320
7239
9732
5821
7321
9121
6610
7440
4457
3433
6888
353
3067
5931
1884
5564
5084
512
3376
139
1373
6189
8966
8476
2083
8275
7230
3056
3306
4386
1259
9526
6178
5543
5348
3499
4665
6510
5492
9022
4495
2380
3927
7463
8212
363
3027
7848
775
955
7888
2049
7044
6854
525
3680
9681
2307
6636
7540
1246
2447
7066
7324
7890
6966
5375
7107
8028
867
781
2524
3148
4609
4539
5912
4872
2118
3760
200
2973
6200
2149
4569
7606
7126
2801
1940
3986
9337
9380
5132
1784
6446
2456
4227
7965
7731
1334
5993
8499
2016
3069
6199
1177
7508
2111
601
4178
423
701
7051
6524
2750
6173
8682
4429
8874
622
8315
2864
9902
3447
9100
1001
455
3327
3518
8086
4562
4063
1237
1130
7033
7336
2207
9093
3999
2708
3272
4323
3310
4875
5399
612
5600
4081
4941
4475
9156
7808
7239
3710
1255
6339
4611
1610
4219
2681
4249
8681
6645
5386
4363
3678
7275
1122
7323
1274
3730
5147
149
1592
9923
5448
2105
5523
4082
1598
4550
3238
9307
6341
6848
5114
7233
6012
1277
1452
8593
5426
4685
9790
5364
8948
3468
2639
9970
5344
8366
8252
491
8415
9745
4966
8416
6402
490
7050
2552
9492
4840
6411
5834
6240
1526
3067
6804
2703
4419
5398
2681
3656
5188
7945
2604
3209
5137
7126
3105
8055
5378
3496
1122
9675
3015
4090
729
3405
1140
3182
7449
532
9493
3283
6673
5571
902
3477
2826
5221
3427
5407
8777
3168
7905
5933
929
7594
3059
8486
5649
2990
6534
1323
2665
9449
5314
3295
7406
6354
1029
4856
6787
5074
2691
8012
5198
3494
6041
7924
3267
4021
7884
2045
1741
441
2530
2570
2587
142
5608
8136
3032
2142
4011
5597
1592
9225
3444
3550
5580
8925
8306
6919
4000
998
9483
9098
4392
5524
1674
7559
9445
4110
4156
5738
4451
1239
2860
6938
1281
8368
9626
4213
511
3638
4362
6555
2863
2359
105
2995
1284
2964
4466
5184
8414
3949
8834
2806
4026
5061
4917
8023
9071
3626
3762
3523
4765
6522
5013
598
4891
9192
4711
9854
7382
3625
6409
4797
5884
1066
2345
7069
3930
6711
6805
2344
5213
5640
9602
3791
5253
9072
1814
4324
7250
128
2399
6567
6551
1965
7065
5994
1157
1776
500
8439
9853
1461
7788
5738
2427
133
2807
910
6745
9512
7706
6510
9704
1961
301
4957
1033
6567
3834
2835
6596
6133
9302
7699
7998
6367
8245
3707
2695
8645
2146
2548
106
4487
8186
6985
4520
5545
7795
5817
9610
154
2327
3966
2015
7080
3476
7500
8200
7210
335
4796
3343
9537
7047
5894
5904
5292
9501
3151
3937
6200
5599
8495
687
8338
5480
5107
8435
7828
5477
8045
7882
2356
6564
4449
9337
9940
1949
2189
7150
2184
6885
5045
6273
3932
5491
6729
3776
4993
9780
2265
1193
9931
760
6332
2921
792
5991
1357
8520
1468
3954
1054
8277
518
5403
2266
458
1904
4355
2160
3988
1240
1758
4813
9624
7149
1542
7952
2142
1322
217
7787
5806
877
4119
8627
1569
4663
4536
4642
683
8391
5596
8860
8809
5552
1126
3820
7356
5381
532
5897
1173
2190
710
5349
9240
2153
3301
1382
7927
3418
3722
3733
8747
2393
2361
317
6956
6797
9411
7540
9740
5007
1052
3202
5111
2079
6922
2468
7360
2006
8265
3086
4097
3527
8335
3337
5580
1637
9171
3508
9507
2893
1793
8255
5187
4054
3124
6695
5404
2535
4235
5144
2094
9740
8246
7106
1819
9720
9474
3731
1727
2391
6717
376
470
9605
3613
5951
5794
2784
4011
5301
230
5704
8108
5317
4311
1232
2012
9615
8219
800
9311
314
540
2210
1972
6811
6482
5998
542
2761
2941
1812
3037
3311
5969
6550
9162
1763
3887
7725
1616
4017
7982
9625
3886
2293
5409
450
6460
8181
5702
423
3047
794
2533
4919
7505
8916
5469
2600
6229
8310
8864
9167
1621
4833
369
5336
1148
8708
3061
2664
7277
1043
6841
1163
7788
6803
6066
8800
9536
1768
9124
2583
7015
6209
2054
4520
9677
7423
1672
5907
5733
536
9626
7254
9821
9895
7142
969
3256
204
8086
533
5699
9479
6149
8040
6282
2215
1492
5818
8435
616
2953
5450
1378
4907
4523
1055
6882
6095
1514
2615
1184
1140
4422
1005
5588
1564
6427
8744
6220
9065
9177
6472
8544
9878
4512
4827
2093
5904
5197
5081
1073
2703
531
2351
7510
4954
7858
8945
5602
3925
1560
6686
9517
534
2243
9657
6551
3222
8401
2771
2287
2231
3795
832
2109
8207
211
8655
8664
9860
3736
4289
2563
8719
1192
4626
8226
8950
3571
3828
7427
9583
5066
1597
118
7209
1254
1221
4984
4208
3892
7171
6339
7588
7903
3000
447
2666
6207
3663
2527
4495
7852
9542
3215
8944
4168
1441
2547
2291
9721
9874
1875
4787
1471
6445
6548
7178
7566
1532
1386
6010
8604
2277
3598
1159
9729
8498
3726
5937
2161
805
4984
4566
4899
8099
3510
3620
4092
5957
5811
3813
484
7586
3152
6407
4031
9601
3585
1597
1133
9423
2160
4289
1700
5658
5349
1430
8708
3627
1919
5422
8884
6803
9888
3783
9455
3398
7303
3547
3908
3115
1913
8844
5253
4965
5251
3837
4566
3389
9886
252
2812
2046
4441
4413
2257
4342
395
965
7869
2214
939
1405
3569
827
5089
3024
8678
6944
1124
7138
4611
2937
5982
9765
2454
1233
8154
1573
9074
8040
1725
1887
9987
718
852
2244
4961
1147
7661
7382
7813
8501
8688
1382
3880
8329
8859
2558
5273
9883
9596
4437
7372
230
4202
9726
5916
2356
5851
4990
4948
2128
1429
4935
2747
2181
1731
2260
7780
3945
9542
245
2446
8230
6080
878
1211
4939
7889
6385
4822
7485
822
6746
2268
9476
1124
8084
6384
6876
7626
1332
8904
8956
820
6203
5689
7003
8363
8022
948
7906
8167
7846
788
4247
8625
1900
3738
6514
2837
3112
8551
8111
9758
819
7587
883
3455
8523
2311
1082
9755
5767
4590
5127
1971
279
6683
334
8201
7531
2792
1021
5378
8033
9720
8555
4485
3459
5069
7222
6471
8172
5333
882
3544
7472
6217
6899
5995
8428
2533
402
4195
7023
5430
718
1855
2113
5505
4608
4196
8197
5529
4126
882
9802
2681
5267
3261
2302
2489
4284
5027
2374
5066
8471
9746
5835
9922
5741
4263
2456
6044
3011
4031
6026
3629
5786
2691
9034
395
6787
1884
5824
5466
2666
278
2699
2486
3439
4902
9427
2276
4481
1802
1894
2952
1548
7630
7426
1842
6445
9782
2438
9356
8366
8364
7538
4152
5607
1224
4447
6946
3008
4824
2412
227
5002
5012
2613
2994
4466
6592
5170
8847
8294
1616
6351
4395
9146
3777
6137
5592
8112
8475
9500
6478
1491
7038
630
6998
8163
9530
3944
5723
4354
6257
5850
3908
5821
3015
6802
287
9508
6524
9034
2454
8041
5385
6749
7187
3714
2886
7331
1826
5913
6832
2856
7304
3870
3387
4302
2033
7469
8147
7657
1823
8956
8059
283
4777
5627
6986
4964
9687
8062
8550
2141
6103
3935
8791
7843
2201
6229
5174
3928
2143
2006
6684
9347
429
4623
3650
6914
2092
6349
9123
8367
5305
7183
8551
9982
2810
189
9498
7049
8151
8048
9090
8807
6535
7881
6650
8636
8663
1824
7116
806
8283
3801
153
8612
2976
8255
178
4969
9156
9202
7888
4461
6385
6439
8995
3747
1180
3145
796
3884
1193
9786
2691
2280
2320
9241
917
983
5617
7933
6241
8452
6286
6294
1716
9163
9102
1795
8684
8258
997
6572
7272
1934
7564
919
5581
8644
3965
929
2528
5058
5267
9671
7239
2139
8912
2708
3022
9082
5193
3815
7534
1480
4662
9151
643
3764
5498
3879
6574
6395
451
3846
8229
2567
4666
8362
1212
3183
9191
8192
2793
9010
7864
9932
1150
1428
7192
8624
5062
2386
2440
2597
3766
7002
6300
8861
5318
6350
7292
1892
2745
7643
291
5526
4763
9409
3888
5875
2592
7631
8619
5285
1293
1135
9770
2343
7016
6962
968
2078
3900
7860
4575
2218
4862
5427
5631
180
1777
2923
6524
8974
5119
6715
4500
9782
6124
2940
309
8616
5123
3480
8454
6317
4516
8224
3212
1532
5186
8632
3510
3639
6492
2638
5757
5906
2617
1389
638
4295
4212
7063
7821
3883
8330
6874
3665
9007
9714
3874
2275
9390
7255
729
359
6323
8853
3471
7755
8592
6656
5817
2231
3148
3007
7888
3607
5525
3829
4145
4372
7942
5760
2193
1825
4091
8967
9943
3098
3334
8369
9825
2724
276
555
7535
6499
3960
5558
8806
2552
2214
9176
9235
5263
2183
7124
8770
7608
5505
7467
6532
7999
3228
8626
4377
1871
2245
4320
9421
131
2689
9246
2755
2866
9701
4842
3917
3662
401
2724
766
2515
1900
9902
2330
8535
1678
5652
796
7083
3120
7228
5083
900
506
9360
2671
7204
8232
2092
7235
921
5890
4543
8239
244
9285
2157
8358
9586
9333
9024
6654
1233
3578
8884
4320
5156
4537
5016
6792
2209
2245
6427
3009
7203
439
232
4407
8571
6776
1643
4044
2666
6086
2284
2810
5371
8893
1168
9510
2878
4745
6164
4011
8223
9600
8231
3380
8689
7800
4724
5450
9945
1151
8359
7148
1490
3143
6108
9961
9819
7651
8557
7038
3737
5393
9748
3660
4286
5469
7722
7064
214
8438
5627
2989
8039
8411
6269
1380
6211
5545
6731
808
6596
9642
2508
7986
2786
8516
2599
7157
6167
1157
4195
4456
6450
8496
2669
5289
3965
391
6905
8631
8730
7085
1620
6769
5496
2442
8049
6259
7887
9332
1619
9036
8975
4027
1674
6313
7096
4174
3470
3263
9783
7566
2272
885
6062
4841
6074
4579
5132
7532
3210
3862
4617
4730
5183
4665
1724
7785
5476
9512
7117
6995
3200
744
5574
4774
6957
2670
8848
4980
486
3283
7098
7210
4069
3160
2051
4695
2291
1735
2227
5401
150
1396
4683
5233
613
6308
7570
5989
472
9240
7536
8124
9884
3111
2898
1494
333
1747
6374
5271
9482
3472
2481
3551
1184
4432
2799
3375
720
9478
3328
770
5427
7911
5903
5940
8771
8026
1930
3795
7266
9366
1919
7150
7029
4718
3196
7263
1017
4122
2534
5051
2146
4916
3155
3230
3900
5854
1157
4520
9884
4385
5190
5311
6849
5646
1252
5620
3672
3082
3968
5490
7000
439
7192
4030
5057
389
5845
626
4411
8279
5578
6458
7747
8633
4240
6200
9039
5298
5272
8923
4235
5015
4235
1084
661
5387
1257
8785
3021
5125
4275
9921
5464
1467
8503
5074
6308
4348
252
5272
7180
5730
1730
9479
8915
522
5679
2606
372
5504
1530
4508
519
317
5492
5632
256
1301
8969
3177
6326
7796
7650
6343
9163
6154
5969
124
5054
6121
5296
2234
6404
1578
1714
9871
2000
1945
2478
2273
7349
8460
1333
2420
8677
1377
7952
8833
2579
1573
2010
3457
9269
4212
4352
8433
366
321
3109
5321
995
8305
2107
7299
9783
3721
1822
6335
219
4200
3160
2120
2660
4393
4441
5889
5671
6945
4722
2802
8419
1284
6159
7688
5397
512
773
5663
5285
3782
5536
6180
6639
7544
8031
6422
5817
9754
2758
5936
8506
5818
2609
5719
4764
1602
1608
4987
8447
6231
7689
1518
7415
8400
3759
7364
3464
4432
7580
3302
2767
3116
9382
3958
5212
2066
381
1030
1820
7591
1518
4878
7961
8579
597
7277
181
2106
2264
3181
8237
4505
4599
304
2906
8258
2221
922
7243
9701
4124
4562
7369
8059
8420
2582
125
3353
8064
6397
5496
4134
1275
8010
2714
1773
5287
2795
3779
7452
528
6568
6509
5028
1424
9315
7838
3545
4790

