2048
3576
9987
4403
2554
8601
8508
8394
7966
5111
1996
8886
1511
6751
7634
702
2684
6301
9295
1079
8833
8740
6600
6199
9037
2369
5988
4423
2444
2419
7830
6357
548
2469
5313
7554
1070
3821
5948
3589
3484
7844
2475
4895
9147
109
5497
1832
963
9345
7363
9696
8085
8515
5896
7122
885
6436
6098
3229
3407
8480
9487
3855
949
9352
5961
6471
3173
1910
9960
6557
4306
2436
6004
8006
2445
1502
9738
3308
847
1753
7557
3484
4820
8005
5158
5605
4441
1256
8735
7748
4288
2874
6156
5137
2226
2117
6161
9851
8479
6121
1060
7338
8457
6964
5344
5455
3018
9634
3315
8317
1387
5424
6353
6107
3429
1512
6265
2422
7220
9552
4723
1509
6978
879
1198
3756
7448
7259
3607
580
3381
9119
7818
6390
6083
3162
6397
3654
2796
9613
1971
8635
5037
8225
9294
3019
4289
5559
9893
1509
9663
4616
7470
6641
9947
3221
397
2048
480
3904
2528
8313
7575
346
9256
3659
7960
5653
1865
756
9818
8288
3943
9408
1165
3237
2427
5354
3349
6872
1416
3012
1489
3438
9554
5988
6559
9851
7936
6940
8308
464
9805
5883
5262
9061
4094
3222
9267
511
8430
9085
8700
2373
8493
9765
163
5472
9672
7964
2345
5640
976
8286
8978
5082
4274
5538
9486
6763
7030
2446
1779
6835
8229
6942
549
6876
4716
9716
7287
3147
8801
639
9972
1947
4957
135
7319
4629
2651
4216
269
3528
7054
3799
3162
1329
3889
2648
2644
919
4994
4323
2307
7776
1265
2756
9204
5882
7024
6491
3581
477
1683
3553
2324
6540
8141
4196
1169
792
8312
5890
8772
5367
4241
1935
1248
8031
9035
3792
8850
8582
2667
5709
6358
3833
3017
214
4267
9941
6605
7748
419
2840
5853
7195
9280
3994
1391
5001
4687
4256
891
3459
4175
9585
5294
9875
7616
8882
8219
1118
7464
886
6728
8374
9171
9645
8488
7990
4239
9645
5738
9110
2486
1592
6305
1766
138
2249
6668
4725
1057
2111
2737
5132
1696
2583
9559
3864
1465
7778
4883
8829
3216
6163
1855
2388
460
343
378
4599
9889
669
3709
6927
6713
4567
8593
6751
6716
9813
6029
7673
6477
8666
7357
2725
1249
6916
6490
7167
9246
5925
5996
2462
6640
7752
9302
7000
2647
9581
6152
7088
4802
4413
4015
6067
8880
7161
2818
248
6974
3399
2473
8003
2065
9730
729
7767
1298
1771
4934
544
2248
5482
2907
8788
7786
2209
440
434
6342
6492
7422
5696
906
5990
1763
4338
3151
4482
4487
4677
2433
6860
2681
4399
1243
7862
6718
6993
9533
1652
7438
6333
1686
4897
5121
9373
1658
5461
4359
7901
1954
1781
3597
7312
2323
9813
1650
5374
4295
689
4604
1280
2102
7185
231
7797
9599
6849
4790
3784
3053
2228
117
4640
7025
5138
4013
3236
5151
8272
1137
1657
4605
9186
3521
6829
8999
9624
6755
7846
313
1359
9027
6867
3096
3810
4664
2695
660
9355
1031
3613
1583
1048
8153
3161
738
6718
949
442
9542
1986
1999
8700
5724
5421
181
9276
5045
1488
1774
9810
2748
5353
6678
396
9064
1342
7544
9624
697
8475
7789
6733
4076
595
4446
4714
7213
5295
5056
1408
1833
1608
108
2109
6929
4741
1385
6526
6129
7612
6336
8777
2965
3014
3726
2029
8809
1270
6205
4058
4297
3995
791
8273
4490
9689
7540
6255
9536
2596
7563
1369
4104
2223
7931
5585
6864
3868
2111
2994
1480
3000
6323
4346
566
4601
927
9275
423
7033
7886
4621
1028
3229
7446
9970
2919
4986
6225
7007
7483
8341
2929
6139
5116
860
1725
1981
4628
8288
9427
6009
5840
402
4907
6307
9456
5734
234
9779
7319
8020
4400
8247
5802
1847
2869
8621
1385
3647
5628
8768
1988
8457
9460
1656
3869
1185
8089
8398
4025
2168
8959
9766
2471
3866
725
6479
4152
5411
6258
1472
7984
5211
4271
3786
1610
7041
6959
2895
5240
7139
1664
1780
249
5676
3336
4018
6761
1426
6968
5338
3494
5927
9656
517
4345
381
6896
3050
5693
3155
4422
8229
2918
3245
2015
4428
4838
8874
7223
9978
665
3439
1758
814
9015
9547
4733
428
973
6253
5667
8919
2181
9875
3989
1078
257
885
4028
502
8492
3002
8631
5962
6148
5198
390
5538
8624
2166
5517
9189
5505
1827
4556
9073
1374
3841
9401
6799
9994
9620
371
6727
9496
4260
7706
4305
9597
6286
9259
2742
3841
2542
8604
4541
7640
8895
9979
916
1061
148
4657
1118
6428
9113
191
7702
2954
4145
9054
2949
8317
9325
9576
2465
3585
1934
6670
7734
2773
5929
476
6514
8371
8981
5607
663
7876
5586
6031
3489
287
689
4507
6615
9702
9151
8869
7209
3296
7923
4710
1613
1900
8838
3979
9937
5325
5201
7672
7998
5683
8048
9064
8606
7029
4671
9170
9457
4809
5201
2946
9548
442
2006
6163
4697
1157
9585
1906
8905
7508
1168
5070
3961
9906
3601
3898
5231
8703
1570
7781
4386
4171
6845
2992
1200
6068
6714
5210
5430
6468
8056
4978
6810
4614
5694
1507
5671
5279
7865
4576
7339
8933
9547
1300
3492
7700
5099
3275
6403
1221
1057
5341
5292
2454
2886
1045
8423
4152
6155
8405
620
8763
3383
1983
3378
3629
7942
3601
8808
5808
2730
6148
9293
6829
7348
7337
4529
6999
613
5485
8121
1570
826
7965
8476
8164
8910
6899
2317
9617
9856
7389
3033
3240
9272
6311
6769
7215
4464
230
7575
7094
6278
1520
8475
8178
8758
3005
9730
3923
3042
7851
9945
8320
468
8421
6485
9279
9873
3354
3548
9729
743
6481
7521
9916
7344
8843
7131
1809
8973
9258
3455
9803
778
1931
2633
4088
9388
2363
2563
6982
4766
2508
5302
5135
5482
1787
8966
5355
5041
2514
9636
5685
3548
7158
253
892
653
1936
7153
9526
1194
609
3981
6424
6992
6514
5065
1032
3430
7528
7914
8096
4589
3216
7783
9971
9456
1401
9878
9049
8368
4166
4734
1916
5876
9439
2708
6429
1375
4414
607
7021
4923
4488
3446
6467
1003
8411
2051
8885
591
9865
6981
5080
7633
9317
9603
1741
718
4133
791
8986
8200
9977
5454
4076
9417
8063
5058
792
7029
5565
7714
1952
9954
5712
2971
5509
8675
4922
4394
9166
9339
5927
8799
1624
5244
3054
3266
515
7088
3957
9401
9840
3934
4856
8468
3351
7471
8078
8596
4500
3644
6310
1004
8150
6574
8427
8211
5249
3349
2605
8967
7240
3084
2418
3416
2881
5373
6582
3296
7013
539
2697
1505
8926
2105
4525
6829
4128
2604
5425
8528
6148
6287
4084
4298
2861
2511
7061
8010
412
9566
1630
2204
7202
3948
5521
9983
9221
2103
3279
886
7095
529
2291
6021
2534
6717
2850
6563
9221
2828
9643
9921
9015
3728
8771
1877
791
5832
4439
1104
9950
5969
3208
7152
9818
8629
7136
3691
5285
415
9030
2380
5396
1321
2953
7831
2590
5703
8946
6363
8431
8589
6284
2099
6869
5055
3876
7561
5439
2867
8565
5389
3389
6325
2542
7759
4955
4230
1450
240
9097
480
7072
4494
6254
9925
2325
8744
280
1271
9660
8612
4412
5944
5263
1282
5552
9039
8743
991
6458
1960
6281
9747
8185
8723
7506
7692
7505
3509
2484
6602
8441
9456
1096
4695
9381
7873
7992
9562
3696
7652
2826
8009
8148
7989
3843
3700
1680
7138
4592
8038
8998
873
2438
1835
4148
9844
9428
6205
7905
1912
2807
6347
1369
3804
5594
5302
6229
3586
9416
9826
5790
2242
2487
3939
4783
6230
2191
1015
3368
6683
3606
6918
2108
5944
8653
808
440
8081
6913
8246
4546
9621
4593
5815
7977
187
5669
4206
8226
5086
8584
8568
7228
1071
2507
6564
1853
4599
7479
9673
5834
1085
6591
7843
6929
9797
3203
1922
2530
117
168
6976
4290
9213
7343
2267
9300
3013
1025
2178
7999
4162
747
9779
9685
7706
6343
1539
6857
8375
5764
2692
9360
6908
5087
942
6705
8190
2764
9135
2859
7384
6112
7049
6597
3455
3868
549
1020
9346
2628
8919
3508
7827
8699
7745
5533
9594
9184
2391
7969
9501
9535
1982
6409
9174
7376
7666
2016
140
1453
4776
2076
2117
6377
8573
125
4798
9022
1045
4144
6202
9865
2204
4029
3216
9849
4115
7362
3686
6406
9884
3187
593
1866
4148
4319
9142
6366
6235
3834
7719
5563
5810
9737
1941
8935
9762
6639
7957
807
5335
4160
5224
7439
2741
2992
7288
6756
355
5526
7714
239
8613
2859
6557
7313
7078
351
3679
3314
8637
1399
8777
4447
5688
5270
3382
102
6461
5891
5361
1796
4603
586
3787
7245
8030
5628
8553
8285
1154
6268
3076
4320
3679
4185
1633
758
4436
9765
3972
3073
5716
7301
2072
1404
7124
9906
1406
3585
5798
6667
9834
4953
1805
3621
6750
9736
9149
5304
2673
4856
6124
302
9076
9703
4387
5261
461
3376
5026
8885
1001
742
839
2974
6598
2515
7432
7904
6000
7782
9124
486
2736
5481
4008
9386
5217
7709
9242
7791
2565
5366
7993
6193
9622
6932
1455
4635
308
6381
3521
5762
1676
8812
3288
2826
1327
720
731
1879
8403
4407
2266
5691
9788
826
9629
9558
3087
8872
7349
205
8790
9894
6298
8412
1478
7653
3048
6239
8587
1121
2001
4815
9833
5189
7541
5712
5809
2824
7491
8764
7131
4309
4455
1572
5035
4085
1130
2675
7509
3031
2780
6299
7477
8978
4712
8855
1284
7660
5094
9771
8681
1647
4586
3166
6736
6679
8778
2546
9404
921
5862
1187
5131
318
2659
4718
8855
8241
7293
6364
5824
9973
7215
3301
3604
1927
6709
4788
4139
6355
9111
7372
7903
8249
538
4639
4928
3868
1737
4332
4690
7500
9972
4373
2370
7183
8991
5777
5425
937
6693
5801
5462
3908
9003
8966
388
5712
8306
4427
2067
7417
6352
4522
5666
1442
9062
595
5211
5351
9379
4453
2851
4003
3378
9673
1187
6921
5450
1164
7758
6695
6865
7773
5156
520
1391
5444
784
9598
4423
2752
1667
775
1826
7234
2118
888
2381
1881
6140
6312
886
3543
316
4164
3217
5955
1085
3219
1671
3396
4467
3088
1169
9523
3509
2460
4967
4193
6610
9290
1497
8178
4618
3224
5412
1288
8564
2345
7621
9256
8557
8407
2800
3425
2571
569
9280
3556
8240
951
6852
2707
3940
2573
2230
2001
4934
1749
6094
6096
1040
2144
4274
210
5268
4238
1398
8384
6483
3571
7641
5041
1978
4993
3018
9001
5462
2299
2557
8254
7702
3962
962
6194
1087
7644
8095
5921
9294
8742
6570
4886
886
844
9548
706
4983
5498
8990
6018
8969
6631
1059
947
1624
3978
9848
1638
829
6957
9793
8431
5471
5307
4626
6459
2951
7273
6932
6797
6015
3502
6235
6801
4247
5783
7407
3782
1281
6398
9700
250
7581
5312
1097
9106
3842
5497
5296
4571
2455
9641
7554
2478
4948
6732
8837
2452
4006
422
3801
4573
3824
9937
1375
2623
5720
8682
6305
6902
9632
658
7052
7214
5870
2702
972
9612
2751
820
8735
9658
462
941
2137
9862
7574
5526
2314
6132
5848
6016
705
9573
5953
6532
6748
6225
9767
7606
3127
9399
8164
4732
1265
4034
1986
6689
8198
4637
7410
1585
4296
7772
2426
6333
7634
4552
1859
4501
684
2260
5069
5842
6385
5574
2374
3133
1799
2141
739
9379
6093
8803
4111
1910
7389
649
8500
5587
5186
562
1724
4034
8234
4051
367
520
8503
6679
9473
3740
3491
4542
4134
9776
4668
6408
2909
6368
3102
3549
399
3747
6904
8962
5557
4294
9511
4057
4433
4697
4519
6058
8632
7305
4661
3551
2378
3164
4782
1851
1456
8173
946
5490
7949
166
6451
5411
1086
4105
8860
1385
7752
416
347
3309
4610
9758
1919
3596
9008
6338
9554
2292
8196
4215
395
574
1931
9630
6877
7840
7803
2375
7882
405
2442
4333
5716
3428
2990
9128
9266
742
9444
9513
8504
8607
3924
423
2203
7484
1313
6309
9676
9409
524
4623
4535
6907
4253
1413
4747
6609
8240
2630
1566
5234
1515
7182
3215
8958
962
2481
9600
4958
1994
2756
8117
470
7631
4872
7854
8845
1181
2182
2906
6157
6706
7342
3065
959
3307
7712
2120
6099
4894
3586
1334
962
5320
4449
9820
834
6830
9420
5693
3376

