2048
1248
1341
101
3682
1103
3817
8544
6330
8046
8223
7400
5649
9000
9470
7869
5534
7735
2999
8351
7868
8480
7265
446
9863
1804
8428
6433
539
7749
1206
3303
8897
2447
7856
2580
8003
1674
1124
8885
9620
3899
6285
9821
2900
408
2343
8334
2695
5242
6686
5116
3722
8503
5462
8138
308
8443
9123
5299
6192
330
3154
5089
7229
1010
7569
5232
7136
3246
8669
6757
7045
9507
6578
9845
9815
3473
2832
7062
8616
4070
2178
6890
2573
2193
5028
7333
636
4152
7184
6728
8934
4890
6369
6163
5801
8491
5948
2937
1737
4617
4246
3334
4124
5377
7732
8491
8750
5116
5554
2018
9086
2284
8809
6211
4377
3837
8097
4913
2541
9833
6193
6027
4724
7115
2191
5077
5606
2691
2566
1895
7208
1365
5129
5885
6642
7413
4376
9944
2529
4482
1963
1615
6667
5324
2379
5596
3713
5028
5062
807
9413
1255
6734
4137
2922
3477
3766
8428
6068
885
323
7829
2150
9905
3714
3344
7318
2642
3288
9748
1677
9703
5915
2896
9579
2846
8392
3293
2426
8006
4000
1840
9162
5286
529
2084
8664
4196
5065
4732
4981
9840
7113
1683
9745
5379
4927
1716
7922
2767
1464
4151
7023
1931
6947
6602
4678
9891
9795
1656
7898
8347
3396
1712
3634
3826
8248
6850
2574
7865
1582
2107
7706
3248
3690
2103
8527
8517
3719
6449
1284
9635
5152
2859
1567
6651
9362
797
6543
3809
2353
8993
6709
302
5257
343
4028
3505
7093
1154
5923
3227
3161
3629
6375
6751
5632
4903
5268
9252
5904
1104
8887
5609
3864
5006
2260
7778
355
3355
1587
2609
2348
8196
2811
2157
3091
1391
215
4736
2445
6038
7864
5506
9567
8791
2257
9751
8246
2077
3655
4151
7633
7095
4312
1497
2101
6472
9175
6909
9728
5315
9418
6628
8063
6781
3338
1155
2724
3453
5791
5069
9391
8207
5127
3610
1651
1936
7913
9797
3913
1569
8500
1546
8564
2812
7496
5217
9185
1323
2126
3565
6538
6096
4745
4602
7429
7983
309
153
1436
652
9674
5379
8760
9353
3541
411
1289
1455
4760
9654
2924
3261
5753
6040
5973
7801
5809
9710
9024
2488
7827
215
3136
2573
9269
566
556
9478
5171
6445
4682
9398
1824
3442
3403
9818
8305
9145
1273
3066
8799
8649
879
9104
4689
1404
1557
5050
5667
5134
7438
3494
5249
575
619
9070
5593
5628
3200
5316
2073
7782
9266
8349
5777
2670
8167
4082
1815
9340
1700
5166
7989
2479
8823
7230
3784
380
6833
9351
5414
4271
7397
5215
9298
7917
8837
9443
3545
2037
9312
5518
4372
8578
8419
149
1248
6587
4131
7515
579
384
7234
3121
2763
6057
4903
1099
989
1736
450
956
560
2400
723
4410
317
9461
3854
3762
1498
3166
3832
5770
6296
2251
471
2097
3390
9055
9512
8422
9339
1398
6095
2102
7355
998
7654
2897
7187
2656
3753
7647
4956
4376
2057
5173
8389
463
3487
9788
8081
7219
210
4378
4023
582
6375
1965
4189
539
4939
3528
1838
1034
182
3745
6485
7736
6542
3672
393
4847
5871
5249
9124
2480
4975
2165
7396
8362
1953
5477
234
6616
9755
4157
1750
782
674
5839
1222
5514
9267
2960
1100
9349
6605
2137
1738
7700
5709
2031
2547
6132
1832
6223
3165
6707
8289
561
5070
4794
5938
5204
1410
346
3913
7612
5580
9039
3451
6702
9105
7270
4214
206
1272
5372
2243
2910
3072
2505
9393
5519
3189
1225
6295
6254
7833
4584
6715
7455
9278
7206
7211
5241
2104
1124
2853
7584
4715
857
8839
3821
2679
3053
8479
8403
2977
722
1313
5949
7679
5258
6021
5421
6384
2316
1675
8769
1452
2943
6224
5282
149
7987
523
6705
3663
7829
4289
8278
3238
7680
2099
5817
5286
578
8773
8163
5753
9986
4113
7984
5245
4686
3405
6181
1554
9533
9502
2906
2476
378
8088
7077
8265
3164
3782
1928
5545
2623
206
8683
304
6758
9052
5490
7236
7825
8205
7541
2464
6870
5526
2261
1556
3483
2994
7562
3016
2496
468
9944
2774
3109
7021
1039
825
5355
2867
6270
7879
7525
9505
2735
4283
3209
2777
6072
5587
982
3613
7951
7753
3691
4764
3861
1727
7658
1424
4643
4706
6344
4588
7380
4005
1609
2971
4730
1517
390
5552
9296
7815
9609
6583
2099
2819
9260
8071
8306
4794
6236
909
7099
4480
225
961
6107
2435
6837
750
7041
7733
9790
8973
1739
5952
6496
1021
7369
6786
6474
1317
4601
6083
7800
1252
3454
1712
3875
6312
6406
4664
7121
8058
9044
1898
3571
5151
4233
408
5801
5826
2693
244
9351
4332
6096
5847
5254
3465
2633
6280
4682
1787
6915
7034
7491
370
8646
1367
6582
9604
5931
8256
7662
9527
154
1233
4678
8840
6093
5031
9218
8687
5175
8570
7571
5823
4417
7377
9188
6951
3657
8422
3290
573
108
781
843
3306
2048
1977
2911
2531
233
5125
2058
4840
911
1288
3680
1556
6220
2898
243
5947
6020
2367
1771
438
9644
5511
1941
3302
8486
5131
8327
8494
5812
3722
1801
2413
5599
9164
9396
385
4289
6007
5125
9652
1847
3357
1209
7967
807
5904
8467
6728
8171
4790
1718
7816
301
3559
5670
3339
8590
3997
1834
8954
2271
8087
5919
7770
7251
9868
2707
6092
5875
7732
5745
7622
5641
1506
242
1001
7310
3261
7629
134
7951
3899
2502
2804
7358
8072
6044
600
6621
2430
4106
3444
517
9926
1214
2320
4446
8374
8312
321
6106
8609
2495
6300
4667
7189
7201
6530
450
9382
6564
2953
3281
8966
5658
5191
1690
6254
343
2863
8584
4349
6207
3653
8827
1973
5873
3273
347
8737
8046
1006
1999
5094
1858
6566
2283
3611
3096
7186
2993
9560
4691
826
3178
4901
569
9320
1155
812
6735
4291
9613
2942
7844
8441
9368
3717
6266
4267
7007
8865
5173
8906
3959
1583
5472
794
5094
3121
2532
7987
2681
7124
3365
412
6577
8386
9632
7633
9098
6368
1924
8712
3862
4321
1805
7782
2590
2623
2050
9497
1488
1775
8403
9899
3259
8428
5246
8253
1549
7678
893
8682
9354
4158
8994
5932
2545
3279
8117
6195
4199
9941
9459
2613
8814
5816
396
1405
8340
2346
902
4380
4021
3858
4280
7180
6838
9426
5434
2939
1756
6227
1621
1111
4937
5168
1595
2034
2999
9612
8130
7098
4205
2241
9611
3020
7958
9907
4325
6298
6805
9679
5230
827
8089
9410
7907
4927
8836
7893
7766
5145
4120
3940
6156
3610
3660
2303
5544
6559
1915
8226
8209
6020
468
2472
3592
2978
6932
2469
3828
3737
6701
8958
4464
4790
8369
6924
4270
1857
4817
6588
6902
8838
528
7610
2448
8640
9813
2544
5199
6280
771
7960
6853
5691
433
445
8569
7265
7367
2397
1002
4068
1355
9919
8758
4276
6843
3028
686
1660
4169
7488
5050
4597
9651
2050
7790
4116
4495
2989
397
5166
950
7150
5409
5835
2147
3978
7652
9414
927
8554
3482
6734
3125
6793
5563
9868
9721
6149
6081
8442
8189
1131
7592
7840
3082
5382
1957
7477
8271
2254
7195
3773
3956
7156
4160
6003
1134
1812
5418
6513
367
3452
3247
7944
245
8710
7813
4519
9411
3894
2961
7601
9477
553
5441
7111
5835
1950
4588
4107
8656
6335
2432
7164
3491
6493
3168
9077
8205
3138
5590
3124
6490
3390
1069
6636
6652
3434
1155
6064
1880
4016
3665
5909
9022
3658
3021
4857
161
2161
3516
8717
8397
5849
5882
6440
6894
3602
170
9651
6640
312
7328
3130
3602
8297
4318
4807
6283
5373
871
2715
3942
8988
8524
2964
7198
1545
7721
7259
3607
5790
629
6556
6191
1063
7548
3085
4565
7618
7288
5757
7831
4616
3439
5985
7465
7658
5344
3748
7583
767
1015
6077
9655
9440
3593
6854
5537
5867
8665
9044
1657
9194
252
7748
4809
7701
5385
3926
9871
2673
9583
7702
7190
7575
8240
4655
9785
3584
2956
7368
8804
3871
7998
8459
3311
1591
9865
3401
2010
8531
6997
3567
2377
7150
1315
7087
9403
1252
1013
9274
3826
5149
1629
1016
2724
4421
5571
2509
2557
8427
4429
1361
6851
6979
9721
162
3123
4238
8015
5033
7321
5013
8501
9599
2163
4368
1338
1566
5521
6803
5392
9247
6504
6921
4815
9128
1342
4938
6189
8352
7918
5171
9613
4769
2150
9334
9383
5173
8125
7399
207
5446
2412
3260
9597
9027
7528
5487
593
7601
2291
537
1500
3347
7359
6215
7028
3253
1154
3217
1605
3624
2940
1219
8293
4991
5105
7676
4716
7782
9627
4823
3229
2039
2635
7378
1066
164
2866
6111
7665
9609
1201
3718
2956
8460
9833
9884
6265
5539
7654
2423
9063
594
8094
7356
137
7751
9585
4754
5534
3864
4129
3315
456
6665
693
5974
1381
8011
2086
3598
2272
3187
7216
9681
6199
1702
9565
7016
7141
1871
9339
6205
6918
2085
8113
6955
9737
7698
6261
9823
6115
391
3138
6471
1608
8283
2445
2889
947
8983
1039
3119
6722
8156
2800
2921
4410
6918
4490
1551
8689
8381
7656
5607
467
422
7115
4756
2672
3376
4579
8687
3667
2269
5158
9727
552
7504
7168
1399
6487
8108
4419
3210
916
1771
683
5226
8589
5073
6677
1931
8007
8886
2090
3026
9208
9105
7682
1880
2482
6813
5120
701
8982
278
429
9434
7682
7497
5386
8722
257
4357
6484
1073
6028
7067
851
9170
6693
2081
1101
4700
5519
3091
7626
4727
2197
9860
1159
9131
6673
6179
9732
5655
1010
4713
9641
3244
2211
5027
1966
6920
3936
8350
2546
9865
9970
3297
3687
6663
5278
4688
5915
5349
2331
8093
4628
4428
7953
340
8111
9178
6419
7844
4833
1981
2557
9026
5126
9220
4054
6992
6141
2542
9895
8587
6959
9865
6436
646
6528
6267
9786
6995
1616
2118
5088
6145
1098
3041
6385
9110
6771
7356
1606
1604
9238
8615
630
4364
7836
9136
5908
8529
6231
5803
1768
3190
5668
8104
3737
6748
4371
8075
3743
540
193
8731
6585
1192
6324
7522
4854
3095
4878
6360
9151
8668
4975
9682
7584
7363
3470
3493
5892
9601
9196
2212
7344
9417
317
1081
6165
9140
3708
9809
9580
3802
3192
6165
9446
4069
8239
4300
7064
3118
5212
868
6338
4739
5102
3923
2103
8472
7316
2547
2726
1164
4660
9970
581
9429
5603
1299
8569
9211
5660
8150
7565
8752
8867
7011
7373
7107
5863
8990
4777
1075
9758
1115
367
4860
4938
2370
7884
2254
9369
610
7871
8581
5132
8352
8010
735
4203
1232
4499
9763
9282
2064
3168
2801
3628
541
9808
9391
9431
4585
5019
3841
5601
5286
8601
539
2208
6486
7246
1577
6996
5117
4711
6681
8021
2721
7316
2225
8405
6367
6540
7687
8332
4260
489
1960
9254
4849
5903
8685
9335
922
7079
9488
6108
5680
4579
8216
2166
6377
4346
3715
1494
8957
396
4068
6230
2264
845
4636
8532
1937
6875
1516
6098
1916
7928
5352
6666
3831
8589
653
9206
5668
141
5314
1349
9172
8083
7967
5550
6981
1682
1596
5938
6530
5564
6720
8695
961
1356
1879
2799
2784
3295
3449
4600
1223
8701
1266
9506
7290
1819
8712
7511
6412
8579
3412
5585
1314
1379
1135
8195
7514
7183
8685
8596
2748
5405
7291
8161
1314
3722
960
3998
6917
4309
3150
2692
7562
4317
6751
9405
688
5463
6916
1653
8594
4880
7138
9808
6159
2825
2655
8225
9908
1340
6822
7208
1298
8665
5370
7064
2388
882
5614
3857
9644
8664
1102
1858
2981
7753
1263
8122
3216
2731
9675
6363
7511
1465
6171
8223
4190
8727
6448
8650
4619
7822
511
5817
1140
5781
7433
7980
1215
3047
1837
5411
1712
7391
7170
9145
5144
2985
7267
2913
5617
1594
9176
7680
2959
9899
5903
1701
8626
6904
352
7798
9278
5315
8167
418
1096
5601
8298
6763
8548
4688
6727
4812
2079
8449
3958
1776
1434
1225
4589
1603
2720
8317
9184
231
8216
9639
1833
1495
1195
6637
9193
474
1952
7360
5344
7500
7513
3643
8815
714
2883
5542
5426
9414
3991
9284
1190
5326
5062
5679
1481
2334
3996
665
2465
6765
4857
4198
8160
5952
5387
7353
978
7239
9265
6223
9291
1431
4418
8107
2045
7201
8201
7371
6615
2193
6656
7706
2071
6270
7937

