2048
5080
5038
500
7135
3170
3572
7989
7679
8247
5455
5287
5503
4830
8334
3009
7189
5549
7618
1247
2270
3946
9139
9738
6538
4864
719
2842
2259
1372
3065
3241
6352
2655
3641
3488
5725
1765
6029
7956
9913
6037
3243
9968
867
1577
2977
2608
7027
596
3755
3849
8994
7446
3587
5532
6862
4206
8274
9021
5479
5891
2262
6383
8446
5803
4423
8723
2121
5005
6680
2034
1042
9823
2002
6361
1401
4879
8869
2980
9927
2624
6729
3574
4622
4868
9006
1484
3627
7281
5057
3658
7724
7220
9941
6171
7575
4365
4894
9596
9270
1574
6182
4864
5950
2736
1225
7251
2168
9994
4783
6647
7170
6064
221
6344
932
9128
7728
4459
1061
7337
8017
8685
4557
2611
9408
6685
1528
8855
933
798
429
1668
214
931
4304
1339
8082
6372
5885
7417
7572
7607
3481
7693
3951
8866
1473
6231
3325
6986
3568
5895
324
2678
3058
9632
3915
4486
8487
4748
5184
3469
968
9850
4300
5173
5741
6935
6097
1626
4352
3669
3785
2386
5915
7636
1252
7288
3867
9029
4275
1987
4924
4499
4565
7882
8683
8380
6920
7171
7681
6656
5192
8549
6506
4044
3722
2247
979
4372
3773
9784
7941
2110
2170
3856
9646
3322
5697
8065
6903
9872
9953
1828
4371
4518
4262
3054
7451
1183
4777
5132
7739
4521
3681
8798
8466
1956
1045
3997
6228
9271
3781
8721
1381
503
7130
5580
3725
2827
3645
629
7251
8150
6909
6174
2669
5723
3780
4672
1458
3110
9704
3750
7531
7937
2548
5997
9793
8045
9895
673
7316
8228
3947
3250
8632
5629
8730
6909
8356
6927
2090
259
5078
3551
6333
2299
3827
4665
6871
5185
7675
6575
3487
5207
9064
587
5756
8858
8533
303
4083
501
3084
7930
8203
1716
3559
1585
3177
6467
8413
5168
1278
3491
8619
7511
342
6998
6729
7113
2184
4404
8240
223
4163
7304
711
9820
814
3796
4675
9350
8749
7659
7280
6953
3927
5392
8438
7005
6411
1503
6725
7590
9446
9896
9653
9688
6895
6382
1453
3631
787
4245
3754
9402
1550
8917
9222
6816
2713
8450
6166
1463
761
7999
2968
4589
3391
5958
1594
4354
2014
2871
1944
1460
2767
1598
5701
9562
2532
1706
3193
7771
5852
1500
7174
1954
417
1048
8670
3031
9398
9389
8946
160
7388
6466
4649
5331
6976
795
9585
8890
3566
1530
4903
885
7580
5156
448
112
6762
8093
7784
2614
9493
9510
9020
9811
558
7691
7394
9857
1732
6340
4569
9020
7358
3770
4351
4334
9017
8488
3225
7135
4570
2680
7920
2150
7736
2920
6715
4498
1014
9051
1665
5059
8561
685
9422
9019
2928
6816
3528
4560
7708
7997
8132
5066
6319
7035
9301
5336
5524
7078
2471
9994
4310
4944
6697
2046
7764
3412
1096
3330
2463
7213
8290
5576
7799
7712
4595
5279
4529
8024
9740
2237
673
2524
1856
6893
9460
5709
2229
4984
2787
9153
4978
6997
4097
6227
3595
1861
9539
9143
9644
6554
6357
7934
2130
4156
298
6626
3987
9279
9202
8279
6069
4427
804
7825
1320
264
3534
8002
5148
873
7155
4678
2422
5804
906
5917
7565
4997
5060
7209
1552
1417
9695
8134
125
9894
4760
8565
3825
8514
6844
9794
2942
7548
2271
8714
2364
5705
6716
2064
1130
8423
6643
3452
4227
2101
9269
1793
1650
8882
3554
7654
4851
7802
5789
9429
2348
5101
7994
6073
3616
9390
5868
1110
6939
8039
9724
9203
8297
6441
1268
9327
4864
2463
7332
3644
9016
6601
9889
666
135
3443
8221
9439
1245
8562
8868
8045
3663
1514
4119
7179
904
4539
2841
2395
7130
2566
6151
5427
3559
1971
9307
2975
4334
6639
6519
7902
7792
6408
3120
2480
4404
5893
1919
201
4455
5339
8147
8019
1405
2266
9750
2209
6705
2592
9057
8387
9610
5208
8367
3169
7079
7674
696
5965
8865
7116
8419
1309
8076
1539
3689
2480
1985
5508
2582
6340
5399
5281
8911
6704
7447
8662
3466
8704
5806
2523
7091
9968
7631
5458
3137
9262
7684
8285
9779
6549
5401
8198
7759
8030
4289
6000
5062
6174
6061
2196
2515
1460
7377
5978
2717
9376
4640
6083
8080
4998
8506
9724
4966
789
9734
2655
4603
2071
941
4382
3172
894
7132
5483
3476
1421
1484
8439
2148
7445
635
9115
3457
7913
5093
6074
1941
4286
6709
4574
9184
9767
4298
8703
5108
8584
5910
9611
655
1403
8545
8280
2198
329
3763
226
6203
5147
8565
8251
7144
9101
7366
602
1666
2459
1228
3507
1297
7838
7981
5034
7605
6831
3737
2714
9968
4199
6877
623
5503
5423
8803
2253
5652
7119
2379
1855
2266
945
4658
9311
4598
2024
4465
816
8936
5593
4223
233
7983
6757
5167
241
8140
3456
7407
8108
7556
4284
3284
3059
4259
6639
9764
4464
3758
2143
871
5925
2988
5430
9788
2138
2006
8805
2854
942
8950
1630
5628
1586
2939
5347
1727
1079
3356
9034
9088
912
7870
2372
8423
2130
8911
8187
6494
2670
330
7265
3147
7771
7247
7487
4461
9154
6292
1868
4648
9794
3398
276
1380
6237
176
3007
7216
3432
6593
956
4244
4464
3228
7219
6494
2140
9958
7540
9262
288
4805
2409
2611
2053
9796
1625
5759
740
3393
407
534
6691
5136
1815
7480
5212
9274
9248
8544
5868
205
7340
332
3333
9111
6726
9925
9069
4266
9187
3909
3623
6148
6421
228
596
2598
5887
1236
5891
847
6223
7134
5883
7938
4614
5647
1864
8414
4191
7632
8519
6083
7864
6405
5194
9142
982
4263
3408
4722
8072
1584
870
9045
1712
1367
1643
2152
7055
2086
7451
7830
9120
3334
420
8286
8881
2185
6701
7624
9717
9772
3707
7582
6177
3453
6724
7060
7616
4685
6334
340
821
7104
9286
2433
3023
5481
9037
4631
7468
6488
2461
6588
4374
2782
4875
7807
4867
6128
5431
9136
5900
3690
6718
6630
7043
7995
8242
9211
7232
4576
9452
7953
1680
8738
4938
9156
8771
8528
8339
6239
9568
800
2828
3943
8034
2255
1750
2901
2935
1734
2038
8735
5324
3308
5365
6920
5855
3607
6131
7639
8083
235
5592
4316
3525
5083
8024
2297
3611
6363
8436
3179
7063
5816
1674
9650
2623
3325
7103
5458
9511
9041
4194
9387
6902
4111
6307
7309
2271
6991
4949
4906
7126
5093
9122
652
4728
1798
7401
8239
8061
5837
5971
9677
6206
2197
9327
8729
5422
6430
4188
9485
124
2934
8873
1578
1597
9732
8787
3768
1375
8288
8575
3054
7934
2349
8158
2662
4048
5559
5454
2109
5948
1425
6338
2154
3522
317
884
3497
6648
9524
7534
1324
7010
6407
7354
8507
792
793
2276
6619
8982
851
9573
6916
3100
2383
9478
1700
2494
4932
8262
8343
909
4600
497
8884
4818
5833
6933
6018
9909
4467
7242
6919
5427
4596
5427
6119
5289
7603
7290
8823
3006
1516
391
658
3799
4422
2259
6194
9254
521
4537
4716
5021
9486
8152
4391
9872
5085
409
9781
9452
2203
6701
4879
1351
2128
5550
1193
4283
7393
9916
1841
8809
308
2399
2608
4630
4558
3354
8436
9531
2443
7704
9105
1930
5856
3496
1802
941
8358
6135
394
561
2836
9725
1813
9416
9828
2906
8251
7221
7374
9992
6030
7582
2392
3190
6764
1502
6445
9753
5586
8788
7457
4691
5270
3314
8087
1624
4155
6445
7660
9001
1559
5048
3379
3272
4465
7759
730
7268
4980
8004
7261
5562
239
4205
3304
1555
259
9649
1308
5745
3090
8666
436
8260
1980
3076
9785
687
4073
2097
4241
5532
7045
7520
3356
6062
5279
8538
3331
4811
1195
5144
4925
1334
9249
8129
2789
4060
7779
3998
9706
5421
7216
4694
3681
3748
2322
8018
4335
948
115
8476
1032
1713
648
8841
7675
479
7379
5558
5190
8474
702
4667
4360
4503
2797
7050
8464
5128
5600
2822
549
2816
2068
4130
6464
8843
6701
5351
4343
1368
8380
5275
2981
3580
4116
5209
3960
6048
767
3702
9074
5922
8270
3435
4977
1067
5037
7993
6095
5189
5367
1196
2557
1988
9778
3573
831
6479
8824
5074
7748
1856
4901
5281
5337
3570
5042
3849
9518
362
7451
3244
6184
373
6579
1161
5892
6168
9055
6539
5909
4422
7635
8366
6310
7414
1939
1693
3893
5316
1319
6193
1724
773
6027
6961
4243
1069
5362
8313
1331
2814
1557
2067
7639
2689
7681
3532
3409
6736
9971
9219
5710
7607
7585
6573
9573
4077
2818
8018
3945
4038
4212
5569
4711
4791
7083
3506
412
2445
1819
6196
9711
7828
8163
7351
5069
5844
5435
8379
7132
5406
7598
7395
7565
9735
3968
1790
8364
6686
9709
2309
5276
8473
2431
4539
3264
9414
7945
3576
6411
4316
4324
6123
2145
2488
8026
7114
2884
3461
145
9917
3419
7643
7312
5537
2031
5832
7227
395
7070
1588
2605
6899
9961
4936
1438
3225
8902
3936
1354
5313
8152
5578
5988
4849
2618
4014
6516
5403
2027
6561
9872
9899
8757
1836
5436
788
7568
7215
1083
9190
8704
8140
6089
8665
3076
2080
6443
6530
5916
2349
6396
8620
2479
2384
3470
4998
951
9886
4953
7430
1099
4825
7329
9756
6561
7317
544
8681
9085
6080
7871
2441
4220
3961
5658
1849
5941
2101
8279
6409
8902
4675
5029
1382
1612
3051
932
2463
7489
5785
4445
8489
610
1775
8245
1723
3644
3342
404
2729
9322
2827
5070
3542
6688
5281
5291
7181
7282
8123
3590
837
2798
3172
2119
4310
6123
7503
1325
3613
3288
5671
2102
8350
1998
4899
4625
5542
8141
4929
2824
7463
7656
2446
5558
8897
7627
5401
730
9462
3524
8773
299
6223
1945
6870
5085
7968
4373
963
1581
2213
6534
8135
5115
3084
3035
9640
3178
5728
9121
5902
7744
1429
2901
3302
326
5080
8603
5509
4542
2128
4282
9293
2903
6127
815
2540
4095
5088
3403
229
1853
9837
8264
6868
7473
5851
6508
652
1580
5629
1106
3876
6959
3907
7078
1837
8888
333
7246
7982
6913
1528
1928
9716
2207
2643
2257
6203
2284
212
984
4037
4602
3800
5458
2075
9552
1966
2627
5684
2148
8186
9460
3659
2093
1190
5396
5533
5975
7195
8068
2889
3275
9896
7157
5383
7091
3966
6138
9275
4079
7022
7865
8581
822
3323
656
4926
9741
7736
5162
1889
5922
9174
5448
2567
4916
5397
2653
892
7144
5273
3681
419
9721
838
5702
6812
4705
6392
740
3336
3414
8505
1917
8689
6380
7025
8167
6121
9313
7882
2563
9787
7056
2563
6907
1973
2512
9460
7317
9556
4733
998
9876
4454
6288
230
5818
5545
6523
6458
8781
4489
9515
5250
7730
5895
6828
550
6569
6141
8332
9032
5929
9940
6147
2836
6465
8560
6848
3782
8116
6133
9232
2644
5139
5521
2775
957
5618
3850
7316
4400
2891
6831
4202
5174
7279
1030
5624
3848
7072
8508
2880
7553
3100
8927
4941
4118
2139
1789
2452
256
2474
6237
2800
7513
1758
127
8370
1928
8429
338
6228
5873
7070
431
1047
4349
5913
1223
2749
2985
4283
5529
5090
7283
9008
9931
5953
1148
6272
8306
5856
8646
4543
8556
6159
853
3236
9082
2681
1665
9320
3462
7438
1042
8345
3037
5291
4258
4160
2592
1796
8343
8021
6786
279
1682
1370
784
7282
7542
8990
3138
6189
8085
6246
6900
3490
4034
5982
724
252
5303
8638
7590
6245
1635
5180
6089
445
9240
8581
2141
2236
1255
3480
6967
7389
4750
7651
9223
6844
1294
2361
7585
3931
3159
4486
7322
7094
5020
2598
7246
4875
5788
9388
5673
7323
9120
6314
7668
3013
9447
4362
5149
702
7742
2116
2643
2492
4319
1866
9236
5513
8679
6822
9345
1839
5860
1319
3485
880
8369
5283
308
4157
9223
5881
1480
8344
2195
3700
1357
1642
7962
1058
6797
5704
7626
9340
2748
1945
5759
6537
7359
4438
7911
1356
829
3771
2575
4214
9103
944
4049
3963
5001
3273
9744
1033
6169
6491
4633
2078
8034
7148
3036
9383
2852
5214
8723
153
7059
4482
6590
8970
3473
9053
326
4202
7376
7353
2969
6479
8197
6918
4995
7750
4743
4739
3335
912
1231
7869
7442
3817
9569
478
3200
2421
5592
6475
7026
7204
5510
8168
6174
8883
7221
1053
3085
4597
8306
5954
5629
1156
7425
624
8806
2168

