2048
891
7693
661
7788
4145
2032
6527
9038
4689
9607
8961
4691
747
4833
1698
2283
970
661
5565
7333
1891
6144
9982
5824
1652
9697
5009
5776
9182
2902
4311
4625
595
9425
6966
9192
1457
3493
2883
6046
7652
6396
5290
8300
1230
6888
5135
2100
2101
700
3985
3892
6745
3967
4269
8297
3664
9178
8625
7398
6632
7489
2024
7127
6914
3542
971
8271
1587
3754
8870
9140
151
4160
2092
5833
5600
7127
2485
7601
7727
6371
6046
9024
338
315
7321
8455
4045
599
5853
677
7988
2429
2356
4902
5871
3227
7725
7359
1534
6595
1151
1585
5307
3143
1970
907
270
4355
8409
2549
726
9007
1574
5517
3874
3447
8524
7819
8498
4377
3048
6486
1359
5304
5940
1782
3083
3666
3693
4517
261
4744
6002
5469
2439
2524
928
7161
6780
3889
4263
7406
2896
5737
7475
6670
3736
5999
9041
2235
4929
2089
3273
840
1945
9114
2522
4929
2780
768
9346
7493
9964
9901
2962
2404
6977
3791
4117
3757
2232
8280
5716
5029
8569
3191
6251
2306
3743
5293
8993
8572
1934
6818
3964
3780
584
1038
3261
3264
1706
7159
5310
1671
1712
8172
8527
8590
6515
2644
2347
8648
925
2615
8229
9394
359
4480
6252
4002
4325
9797
7126
6160
1268
1090
4492
1752
2028
7653
4917
8187
9364
4779
9758
1077
2951
2937
9567
4019
133
6466
7219
5510
3634
100
4905
3893
4480
5709
7795
3358
159
4921
9418
1327
563
8462
2979
2491
6115
2448
678
5479
7127
4988
1108
4631
2477
5227
3202
2511
6246
421
7921
9780
4973
7378
3673
4005
7640
1468
7263
7699
941
6681
8926
1404
9695
6457
8347
5810
8806
3578
5842
585
3118
1502
5116
5496
6630
8218
7907
7428
3191
480
7208
8064
7759
881
2070
5399
6801
3885
3098
2294
5119
6576
3598
4814
7585
6497
625
6391
4627
1019
1529
7646
6973
6545
7694
3603
9316
5601
1031
7059
633
2791
9676
8292
3572
6298
8243
4925
183
1341
7119
5202
2469
5269
9917
9955
1767
5094
998
6294
665
2427
8492
7538
3525
6186
5694
2841
6339
1277
4452
6873
3969
4128
9717
2093
4978
7961
6919
5062
9202
4038
4816
6224
9208
4733
831
5527
4379
1729
1821
9496
4057
4866
7035
2134
1052
7281
9427
1944
8458
3879
8717
2427
2560
8434
8973
7438
6395
5892
2500
250
9830
7217
1026
3690
6502
1757
9117
5434
3386
5491
4930
1995
357
6517
4029
5861
3798
3456
7705
6809
1888
6422
3788
4348
9409
2761
1786
456
8553
8739
606
3036
608
6084
6626
1662
7741
396
6996
1128
5787
6479
7575
696
2996
6157
6457
1347
4165
4163
2708
5953
5137
6396
301
9098
9058
6540
9455
2263
9831
4613
5199
439
698
6378
2001
8339
6674
3550
4019
2461
9929
6147
3057
7477
2304
4066
3376
6369
2781
5984
6875
2471
2381
1728
1569
5991
8168
5576
8154
7999
4742
3354
2990
5340
9632
4892
8231
958
2994
6803
3319
7475
7502
928
9504
9706
4894
2881
727
2228
3417
7502
4599
350
9131
6068
6241
1951
6197
8948
4503
939
6854
7393
831
6486
6837
3614
7344
9731
4969
5215
7206
2471
695
6711
2177
5489
4144
7357
7617
7461
4859
6768
2364
8542
7389
3157
494
3586
2105
4897
8977
8859
6842
9708
9897
3680
3322
1893
3411
8192
7008
5170
5215
7603
6433
7293
7645
577
9202
9814
2590
4061
6583
9406
7156
8524
2564
2202
2110
4569
1651
1087
3429
8393
5347
3326
2073
8569
9672
9937
1413
6680
9659
6529
8836
6092
8374
1133
1221
7576
5499
8263
6189
6634
7670
7897
5158
234
9999
7168
4703
1650
2807
2684
9944
8054
563
6569
1276
235
1158
7141
1467
817
8222
4855
6809
6596
5888
2582
8724
5940
846
9466
2574
8416
7363
7633
3202
2015
9353
2457
3565
2161
5042
8061
4767
157
4631
5943
4844
5689
3085
6211
6407
5859
5619
7768
7008
6059
351
5732
1999
5649
9750
4474
4065
1766
6659
7167
3681
6012
9524
1798
2725
9118
9760
7393
9175
4391
7888
8571
4632
5525
4783
5591
1385
4954
7912
8293
1013
8163
8577
2913
3812
2980
7287
2429
4646
3946
4148
2879
4510
8224
4577
7136
7343
4337
9081
1170
3280
1621
9642
2465
7047
8977
2608
8332
3931
520
1277
9396
3235
4406
2309
1599
7286
4148
3928
1932
2646
2628
9263
7057
853
3841
8745
2748
2730
2478
8370
563
3999
2664
2928
1046
1641
5436
3930
124
5857
5107
9421
8992
4066
6282
5144
1352
431
8972
7737
2977
6153
7000
4586
6906
841
3331
4206
8024
5709
2576
8487
9609
5141
1415
5207
1334
1403
9038
5911
1812
8697
5332
5357
2763
6166
501
4016
6497
4025
1753
9375
178
3305
3961
1636
4047
1845
5742
2071
7454
8219
558
1715
3360
6425
6823
9146
7728
513
5057
4093
9110
4941
9350
6426
1108
9751
442
7505
3776
6647
1532
3855
9852
5394
5391
8451
1791
1134
5074
9145
3905
184
5413
1817
6509
2236
963
8790
2649
5921
2883
6311
5414
6785
2737
6422
6536
7631
3928
312
8830
5360
8619
8683
5306
8563
1786
6997
4249
6761
795
8054
6845
6108
4423
7907
2896
5286
1349
5445
5759
8684
6308
1174
5469
8946
7496
6557
6577
5976
6769
5408
5889
9941
8643
1195
8504
429
2745
2753
1742
3440
5359
3140
4100
9682
5599
6896
4968
1500
6893
5280
184
3201
6354
205
6699
8402
6662
7829
4379
7983
7789
268
2576
6432
5915
1080
1413
8560
8285
7608
6552
3644
748
5204
3326
6247
2100
2847
2299
3545
8027
2383
1299
8933
7040
7898
7335
8254
379
6266
889
8068
1086
3366
4500
6902
8898
466
114
7184
7974
6567
828
3274
1771
8607
4073
8324
6006
6272
6421
8585
3207
7620
7518
247
171
9405
3053
450
324
3842
8419
1310
1760
7471
8112
659
2489
8127
7743
5015
9246
3123
8189
5569
1730
6814
3893
7636
3086
4867
873
6193
2487
8291
992
7110
2349
8497
7461
2573
2340
532
3783
4000
2555
6448
4559
4945
4575
6854
9860
8373
9878
2702
3942
1608
9416
2388
3797
2503
7155
4570
3248
4194
7414
8693
1305
4315
7190
3318
6788
4082
8302
5123
2635
857
1571
1746
5702
698
8501
215
8971
8379
2817
7466
4539
2233
4406
2888
9188
6113
2011
6989
307
3977
5682
6064
8192
7424
3934
4980
6059
2236
103
8594
2994
1575
4892
3248
6725
3393
3363
5697
6324
6080
7715
5416
2866
2121
8204
6606
8134
4767
3595
2993
8644
3829
8958
6836
5806
7444
1816
1865
9581
6372
5011
2575
2499
9803
5723
9124
3197
3639
9373
9421
9619
7088
9389
7037
3761
7594
8196
6447
2361
1791
9341
1006
173
2951
2394
5879
395
4111
2296
9876
5035
7207
7003
2086
7010
2727
1210
207
6266
5136
4181
537
6776
3570
2127
538
5716
323
6885
2630
6566
6226
3536
6639
3729
5830
7070
4025
4493
9266
8453
4080
6473
5457
6066
3484
8084
1829
8143
8902
6865
6876
3991
3641
4999
6018
4079
715
893
5517
3245
7360
6295
1333
8551
9925
1716
274
3950
761
9440
6955
4742
5914
2412
5360
3950
496
7089
6645
3950
3954
3522
7842
2148
8421
8412
779
3688
3858
6196
6834
1218
7044
2719
4321
6969
4335
4495
5471
4997
8488
2426
4291
8954
4739
4203
2904
9687
1293
4101
8190
9699
7523
684
1847
596
8996
7079
4185
2854
3275
1019
8524
4871
3638
7398
1840
2526
6445
1863
2075
4933
8742
918
3887
3481
5021
1343
7720
6214
5345
5910
566
2868
6494
2313
3365
143
9292
2102
7449
7120
3021
626
1991
1211
7924
8284
8189
4369
4699
264
9203
3441
5634
7642
6822
656
8886
9095
1422
4231
9557
1888
1651
6052
8654
9468
747
2598
1570
8096
9618
4491
8622
6162
255
6546
8998
2996
5468
3697
3161
9223
7039
3347
6865
8413
3903
403
7508
5226
4534
7066
1666
738
7670
320
206
8317
2819
1677
1065
6989
720
9588
7703
5427
786
6701
8324
806
399
6037
9929
1990
9284
1447
403
3188
1750
2464
2966
837
4082
9084
1475
1752
9305
1581
4621
6676
7710
5586
3665
8331
5174
1369
8310
513
7970
6634
1219
2921
2671
5701
4811
1956
7048
9667
9596
3350
2131
7114
4087
765
6198
114
6969
155
6148
1590
6731
3858
1728
397
6741
1455
1666
5052
1868
4188
1686
2987
1662
8810
8588
6373
5318
288
692
9466
3539
7275
6580
7526
7940
7330
2193
4909
7386
8241
1051
4117
2099
2680
8966
3393
4035
5184
2997
5803
3925
4583
3342
5487
7945
6483
6412
3263
6671
7005
2729
4762
8832
3861
6841
6773
5744
8934
6234
3130
7175
7186
1799
3826
4418
5318
1771
8353
502
4668
8708
4327
9152
6602
4366
1749
7637
779
4913
8861
2336
2194
3623
1168
608
464
2493
6252
9298
3280
3934
1125
5018
5633
4852
9336
5503
6523
2341
5906
1192
5601
4785
4896
2203
9052
1197
9741
4383
662
3254
6619
2757
6777
7687
7817
7142
4733
4069
1092
7913
7903
2118
2931
8088
1522
2267
3592
2597
4508
4050
8241
4661
8735
3137
6764
2439
8787
1157
6722
9349
4311
3341
6658
5641
5581
4475
2783
314
8444
8327
2779
999
445
5610
8988
6419
7777
7132
8917
6837
1182
7158
1498
4469
4848
2814
6809
3635
8424
8083
7536
7287
5977
4195
2928
6110
8570
263
6324
1667
8491
9003
2566
3488
9165
6106
9808
6942
7790
3377
8331
8872
5087
4381
7894
4487
1747
4703
8022
4723
7338
211
2011
3315
4306
9391
9325
2876
9555
301
8995
2698
3856
6114
6086
3021
6772
546
4515
4563
8375
7398
7987
3463
1779
5881
7850
7979
5136
525
2702
2475
636
9165
342
9394
8557
4220
6822
2764
4421
5818
5362
2830
1932
6000
5751
8604
1099
267
7719
4026
7565
5707
7389
3897
6140
9792
6428
1277
4869
3682
8204
9957
2848
3098
9351
5957
7218
6173
8621
6192
1991
8535
8922
8375
9087
4673
1632
4738
9392
9251
8665
1610
9510
706
9959
303
498
6387
6032
9819
9969
4236
9776
7369
1886
9127
3326
9005
5301
6499
5197
1844
9586
8671
220
8674
3344
6304
7964
7289
207
1281
3451
9618
1888
3410
9821
6838
4349
505
6658
8870
4641
6434
6240
6427
214
4118
9984
9967
5170
9733
1811
4756
8404
6483
7982
6301
2787
5947
3590
2895
7128
6941
7065
3568
4903
1538
407
3804
1943
1617
2674
1136
2603
3466
2115
7269
2137
2100
7236
7207
1833
3600
6515
4790
9983
4498
1091
7323
4997
9133
4770
6677
726
6387
4798
5529
7825
9657
9233
4320
1274
6459
9908
8329
4478
2023
5599
6515
8575
2835
8274
4961
6335
9341
9651
971
8391
742
8194
7940
9775
7516
4618
501
3903
3968
582
1728
3625
4367
600
9351
5378
508
7680
9756
2431
7831
923
5559
5219
3749
520
1554
3091
171
6977
1482
5365
9723
9323
5140
7239
8493
193
1142
2461
5227
7322
638
9494
7822
9889
4872
8230
2221
9181
5214
9953
104
773
5172
3754
5745
1278
1397
5816
8156
2779
1181
7879
6654
873
5119
9699
5518
813
2160
745
8036
7250
4791
5858
7139
9563
8641
9261
8744
8407
3866
3401
3732
8938
1707
9377
216
3004
9745
2924
335
5478
5356
1542
6251
5027
1241
6321
5740
7854
1618
3776
5104
6309
9535
2244
5872
2828
6057
9169
1235
9823
7122
9419
3413
8729
8796
8081
6285
3193
1006
1172
8571
914
2614
9374
5841
3756
5695
1581
1610
7213
5258
6614
3522
9345
3410
3946
2173
4019
7667
7860
3842
4789
7279
1807
8070
727
9789
4355
3820
5347
9980
2391
6161
2594
1765
2002
902
2012
3483
6964
9125
3293
8131
7199
2638
1541
5697
4711
5461
3365
7123
3855
2706
8954
215
777
9581
9904
9584
3401
9803
4216
344
5964
6711
6561
2518
7513
8473
553
9030
2250
3747
7161
4001
6285
8602
9599
5549
8615
7516
7224
7023
222
6179
7138
5451
5760
1694
9588
3714
6049
3804
8510
6565
5067
5072
8983
2581
8097
4088
6163
348
7735
3324
4249
8573
6478
8400
8674
9646
5916
5898
6669
691
6629
8359
6042
2390
4605
282
656

