256
9714
2092
8244
8724
8386
5793
1458
7063
4177
7619
9709
5088
4192
9789
3649
8311
4271
5636
8182
4858
4835
3682
4344
6028
2139
1672
7919
4950
4915
4234
8726
4629
878
1623
3353
3817
7316
9263
5432
6045
6882
9693
1133
1075
9483
9234
9286
3754
4870
2120
3164
4258
355
7408
286
2394
3633
8105
7245
8448
6892
623
3077
2322
2146
982
691
4014
245
6024
4612
7028
5717
5645
2655
5200
9432
6493
3506
8854
3165
6570
3112
3420
8531
7850
367
2164
608
2164
612
2052
2687
8141
4274
9286
9023
4866
3300
3820
5442
2464
848
1159
8010
7955
6260
2094
4448
4318
948
7514
5441
8513
5486
3972
6363
5753
688
6871
7817
5752
8823
5057
8445
7650
4343
7468
7068
2195
1288
2510
4560
6589
3569
7122
4544
4381
3768
3545
3252
4616
5611
8593
7681
1097
7117
4045
1403
2357
5468
9120
8009
8844
8729
6454
1146
7624
8474
8114
9720
4314
624
8832
5455
8645
606
4552
7579
4274
7997
831
3442
3608
9324
1124
9157
1093
9621
560
3350
9641
4233
1359
8485
2962
2365
9531
5139
5391
2297
9411
9605
7373
8243
5061
6019
3401
9513
8150
2227
2162
8881
5569
322
2857
1245
9379
3850
5418
4492
7100
5060
8625
3011
8097
6139
9828
2281
1278
5219
4478
689
9376
1852
3484
8989
2423
6785
3154
573
8912
5216
4006
9034
9990
1415
4831
9370
9717
4802
3862
1469
9762
7039
4380
2511
3178
8760
4692
4357
8531
9071
9498
7907
923

