256
5534
3117
3562
7473
2091
4652
4611
5411
5875
6462
5375
7246
984
1943
3710
347
7904
6483
9359
6614
6073
1807
5437
8631
9622
7966
5868
5474
6019
2584
4263
1553
253
7725
8926
2244
6930
8089
7556
2805
9104
7483
4603
9988
9326
2865
335
1883
9248
9595
8397
5321
5954
3834
8505
228
6353
8925
5603
2372
1510
4418
8377
1663
6696
1956
8360
3626
9945
5916
983
9049
7951
138
3690
1929
2903
3925
3712
6703
8072
2109
2025
8578
496
5082
8707
6749
4007
8862
3673
9969
7832
2050
1633
4528
3906
4545
2706
8404
461
8141
7453
2964
8179
5695
4793
1082
9521
8406
7686
2245
5067
4263
824
5463
3897
4083
6764
7804
7497
437
7774
9881
6940
3959
8962
846
8404
1668
9150
3417
4362
1256
6281
2541
6851
1074
8076
1024
4032
414
7722
9000
9129
3098
9015
3026
7081
5780
830
9130
769
3156
9011
2261
7015
7973
7560
5419
4194
1362
3388
3108
7070
9569
5549
8474
5196
8177
9398
9128
8491
7120
8128
2272
4770
7144
5198
6403
7476
581
5533
2797
3637
9097
9511
5205
1722
7071
5176
468
8333
8465
3476
5404
8034
8926
3878
3230
1755
7828
6911
247
9501
5039
2419
4271
6735
2170
675
8763
2651
760
1561
840
9757
1072
5945
6032
2695
5674
6400
5580
4139
9777
984
6725
3355
9314
4508
5010
1795
1419
5157
5848
6358
2129
4671
7646
8751
5246
6409
1402
559
7870
6694
4868
3494
7192
900
741
2866
7201
6222
6905

