256
6270
7557
7748
330
8269
7707
6626
5873
7643
9960
5242
3650
1221
9360
171
2716
3622
7676
7363
2977
921
2888
454
2280
9041
4452
8497
2474
6763
6134
1607
7585
3691
3907
7816
6513
1614
4442
2386
9157
8955
7528
7359
4728
1540
7430
7344
9614
9658
4707
2592
5132
2148
7498
7312
5741
1951
5809
8115
3266
6496
4274
852
187
8081
3220
6600
9595
2214
3538
8753
1169
5619
6112
450
1711
8095
2346
1326
7753
1606
3818
2885
3654
1316
4749
3947
3167
5111
6614
6334
1607
888
1738
6246
8869
4858
7399
3116
1624
5489
1869
7246
1108
2534
7596
2720
629
9842
3946
2934
1448
7664
372
9554
8880
9573
8053
6600
9236
4667
2934
5395
5455
4572
6194
8876
3982
3593
1993
5506
8982
3762
2752
4643
848
4900
7263
5929
4743
1209
8764
743
3425
3688
4850
6857
7813
2903
3457
7050
2123
6291
6997
7478
5415
3191
1007
9297
1336
2900
9356
319
1214
6660
9414
1963
1561
6677
2444
856
2438
5760
1499
415
9348
901
7172
1814
8257
630
8764
380
1473
413
2410
1441
3505
3317
5290
4741
769
4646
9512
6436
1307
8926
2951
2768
5603
5295
8076
2593
1056
9475
2908
4956
4929
9981
6670
7738
5163
9986
8018
1188
400
4980
2529
3805
2850
2372
3098
3519
6918
2611
9855
2777
1537
7358
9997
1693
2654
8073
8738
3610
2201
1647
8466
1682
6180
5137
9320
5895
9675
1990
1635
9975
6870
4065
3780
9620
6337
6779
7692
7807
3942

