256
4326
5528
6954
8992
2935
4994
7770
3138
1341
3407
6613
9447
3912
4826
8850
413
7236
8776
5607
4097
1485
6206
9881
5920
1405
194
9469
2618
4721
9552
3980
8947
5080
5487
2591
2567
5033
362
257
926
8221
6771
373
2133
6149
9123
2447
7937
2551
2606
6587
3936
8713
6468
4409
4670
1214
3878
7188
5835
7982
5721
9335
7614
5760
1926
182
793
6740
339
1619
4962
1662
1892
1647
7711
5567
8546
301
2670
1153
6788
1158
4418
7808
5467
8988
8923
3897
829
9310
1879
6450
8645
9394
2210
5124
9476
7455
6416
4367
8974
1378
5930
5418
7478
8193
5537
6024
8394
8107
7077
5182
9165
1495
7543
9185
484
1118
3082
1213
428
4862
2215
3626
4256
4325
3302
3732
1780
9618
2651
5306
5549
8481
5276
3027
6675
813
8951
9621
3472
6029
9356
7189
2076
6899
6374
2460
7917
9357
8125
2897
4219
340
6423
8375
9117
9625
6659
5449
3896
9210
755
9345
2344
5931
2372
3571
1296
5875
3192
4668
6456
2548
1858
8433
3999
2784
5445
6468
2141
8123
9266
6260
3015
5689
9187
2133
9867
498
7482
8315
4261
2790
7660
6505
3273
4584
9976
4470
5011
7720
3690
1468
4821
100
4453
3372
2785
4450
9741
4826
2573
9007
5639
5489
9248
9378
7522
3767
9777
9556
2082
4038
6898
4294
5095
172
8778
9623
9094
8342
7343
2784
9710
6716
2785
8715
9989
5470
3165
9730
4848
5639
8737
487
1128
2637
4418
3202
6305
4195
7310
8287
2785

