256
1532
2729
285
9530
1614
4877
4252
2496
2086
3524
9890
8462
7559
212
5683
4741
845
2635
7673
5319
4499
2910
1152
6569
3135
1262
1588
8068
7848
3079
834
3932
361
5571
3462
6427
449
2267
8823
6987
5691
3366
5450
7802
8030
5685
7095
3428
2873
9320
8647
7272
2230
9699
3841
5266
962
9881
3334
3362
7513
8620
1846
7774
8744
9761
8753
9093
2028
2228
6080
7619
5494
6082
9973
8077
6320
7068
1505
9093
6389
4704
1017
8519
4403
4758
8337
9817
9192
6223
7731
6705
4844
9478
9031
8140
9239
7784
7233
1267
9912
7865
3438
9959
3948
3411
2688
4820
5031
8645
3913
5972
3349
4830
4492
2304
4140
2829
6674
3332
8953
4405
4589
8349
3883
3620
6489
7674
5956
8274
8841
521
6139
6831
5032
4639
4794
7620
4011
9726
6265
7824
5698
4166
2654
4742
6370
1347
2124
3044
4579
5629
2002
9069
3978
5785
7241
5019
8012
7750
7845
6853
8171
8536
3685
7755
7728
8379
5375
1739
2757
6192
9464
3008
4910
6670
7650
5832
2569
9674
3429
7049
5303
5331
770
3833
5668
2563
3404
3680
313
1249
5086
3036
4338
8671
791
2066
1702
6066
3705
8912
6810
7721
1920
1720
8944
9470
2105
1513
3797
5434
3114
3652
765
8336
7386
6333
900
790
4566
5665
6492
9552
8602
830
2875
9293
7348
4477
9912
1053
7941
1374
3327
9761
7547
6823
3884
9552
8236
2233
4986
5903
5785
5651
8791
3171
6536
9591
8414
1102
5257
9458
5206
8411

