256
6541
7030
1462
9310
3501
612
4512
8494
8015
8342
6399
7580
3785
5848
5917
7650
8941
4975
6231
6006
6896
5014
2377
6474
7021
1065
4556
8766
9956
9093
5128
6498
775
1142
5808
4176
1654
4873
7222
4221
7767
8174
1801
1552
8574
2271
3754
2167
1798
4537
8073
8595
4103
450
5069
5676
5967
4178
4442
576
3271
4122
6974
8498
5164
7334
7226
1370
6759
4448
5492
9078
7174
1845
5182
5748
4016
3488
7815
5715
7925
541
8862
6581
891
8483
2257
1411
2661
6600
1887
484
722
3413
8882
439
5299
6108
6261
2059
5109
1753
1137
2283
8051
872
2584
6619
4260
399
6886
2186
840
5748
8667
6184
4232
924
7495
1445
2076
3934
1830
7251
7247
712
7590
2546
6721
8403
9057
1830
157
4747
8565
2760
5519
1149
9279
9679
6001
6166
6417
6741
6466
9636
7477
5250
561
9524
6596
7089
3458
2978
4340
5257
3590
6482
2356
4863
4886
1413
1245
9495
712
9711
2255
6131
5412
6086
463
1413
2252
6780
2707
3271
6417
4736
8421
1530
4261
9569
8519
2271
2547
2860
7429
6038
3894
4337
5453
8680
5650
1251
8175
6263
5514
430
6946
926
6417
1961
6792
3221
8642
9399
6392
9611
4135
9366
1141
2948
8935
4212
9672
1483
1624
7101
2073
5419
5990
7426
4099
1640
8577
2275
2455
4091
7157
3954
9470
8126
5815
6262
1348
9009
313
2292
8620
8900
1658
4313
1849
594
8426
1521
1977
4602
3174
8502
9921
9064
5928
8573
5256
9058

