256
302
5324
5661
9554
3282
5822
1241
9179
2081
5097
7507
5486
1108
9387
9751
286
9952
5219
6299
588
5645
5363
8892
9745
8850
2204
7111
2601
126
5226
8699
4881
550
4361
4435
8284
4735
228
7464
6716
9778
4971
6755
886
8910
6506
5624
3514
6277
1923
8555
6474
7187
7447
6220
689
4203
7883
7743
4230
3109
6442
9011
3559
803
7998
1844
5439
2778
9208
6707
2556
8731
3462
7894
7641
9869
3519
5707
798
9894
4262
7173
1733
1710
7945
2323
465
5828
9966
9147
8837
1060
2810
2396
1764
808
8692
1755
8039
2552
8362
5147
5835
1825
7594
8028
6246
1113
3736
1596
5559
7898
8669
7193
4160
6614
4068
4526
2442
8586
8225
5831
9546
1036
2780
5862
6296
1472
2169
4335
8477
532
9383
4312
6809
1629
2341
7607
2642
629
9103
2753
8427
7773
4498
7140
8939
8466
6218
5934
1704
4443
1765
1251
5379
4445
1665
1676
470
3735
5911
3499
8719
9846
7711
5528
1475
4604
7687
8569
5133
6790
5875
8113
9115
373
5253
2707
3392
1471
8541
9548
5814
4858
799
5746
3856
6917
7322
8778
652
7785
2277
9271
2284
4540
9351
8211
3697
7038
1433
8730
8380
7208
1495
7496
2133
1300
203
5425
2671
3296
4974
3038
8054
325
8684
6462
7142
658
5240
2346
8343
2069
1617
5179
6510
968
3391
207
2558
4724
3489
939
1932
4885
8335
3965
6085
3090
3943
3309
938
3469
899
3544
3694
4135
9907
5389
9245
5147
7635
2240
7117

