256
2749
2906
9076
8791
5133
5973
9139
1071
2533
8000
8908
1257
4683
2467
7391
4665
7155
5746
6594
8095
2592
5620
1798
6923
9536
4296
507
6566
4016
2959
5746
6666
417
9375
109
5450
5348
9148
1074
2434
1801
9882
3591
6384
6901
5535
1049
4056
5833
2196
6704
8325
7716
8402
9801
7252
7250
308
8370
5819
7720
8669
7037
8037
8044
7046
8040
3392
6194
9014
378
7895
3548
8422
4279
449
3957
9781
8957
4342
1977
5661
2667
9593
8616
2468
1498
518
7229
4420
6237
4949
3089
3274
7538
1133
320
5578
8978
1067
9144
9256
8862
2692
7678
7694
3041
6187
7475
6551
529
4004
2212
7649
8149
5380
4669
9547
5799
6450
3968
6588
1399
6957
4415
3490
2643
4635
3620
1621
254
2765
877
3669
5357
3108
1363
2951
3847
3390
9402
8829
1946
6166
1130
9995
1547
5699
4195
1898
2150
2715
3038
8001
4224
7353
1491
6767
6541
9564
8288
6695
2329
3718
364
2238
1378
6179
5089
5125
4121
9043
8506
5967
5210
9536
5963
1309
5236
4710
7659
1938
7325
697
4491
1549
2603
535
8217
9044
9999
1157
391
2328
4775
5208
9018
705
1387
4108
383
9961
7703
8789
5928
7465
8326
6443
8674
8114
1153
985
9952
8378
6135
8995
9828
8638
9430
2697
2334
9429
3754
2625
6309
3082
7733
5328
3687
3673
3988
3970
3634
1691
2760
9462
3709
1086
558
6935
9100
1611
7821
3704
9890
3956
2699
4370
7146
2130
6967
9380
6111
5273
2005
2421

