256
143
1854
9426
8197
2094
2867
5299
3853
6239
9653
2103
2147
3790
8560
2638
615
9895
4386
2938
3545
5047
6329
4637
5522
5548
4271
3370
5261
6318
6740
5058
1013
3147
9036
9111
5141
1903
8962
3546
2694
8615
5549
9294
6958
8661
6484
7473
3208
870
4963
1306
5817
5845
495
5892
1393
4667
3814
6554
5537
554
6164
6451
3601
5200
5562
3294
1655
9076
6740
8802
7691
2289
8096
9201
5502
9132
1327
8611
9903
6190
9817
372
2035
312
6164
7880
4879
9878
8986
4969
4985
5150
1420
3138
350
1534
6333
6458
610
3073
5260
2853
9815
3356
2055
5317
2488
3282
8480
6943
9372
2949
7216
5960
7714
7932
3840
7145
2463
2827
2114
7348
2529
3434
486
2780
4868
1371
9138
5378
8897
4398
8132
8712
2306
4739
8581
9246
2573
1714
6190
1945
4563
7958
2457
2277
542
6198
9323
2905
3577
1437
4805
6006
9324
5192
3338
4192
1115
7028
4123
9912
5978
6807
3276
8184
1546
6410
2083
4019
8024
2825
516
7139
783
7426
3969
1225
3624
3292
8583
1753
9181
3388
2311
8505
3132
5550
7250
4148
2578
5925
4060
8457
2732
1889
1293
8730
8199
7828
7301
875
653
7717
2566
5888
9695
6435
1666
7871
9627
249
9524
3461
3537
1836
6518
1222
1938
3768
5270
8968
9593
3882
7425
6877
5671
3271
5607
8422
1099
2908
3849
6205
5178
6316
2093
4873
2751
3659
2745
6931
8360
6821
4944
6450
8557
1462
7572
5047
5131
2842
4016
9276
6624

