256
3711
3402
2927
6102
5358
9405
5415
9331
6081
9656
5548
6380
3099
9878
1154
2373
1791
2240
7532
6846
3277
1277
8198
8473
8576
9261
8716
1714
9881
7779
3234
8144
1181
713
4246
6440
119
9562
423
752
9218
5872
7032
6869
5750
2738
3794
2093
9431
1326
8839
2708
7055
1689
1182
283
5502
4450
1898
5384
2229
9584
3528
7862
4850
7675
8854
4869
1889
9178
5521
5659
9602
7105
2528
9904
9743
6223
1998
9174
2101
5389
1883
3709
1631
7517
3892
7033
1967
342
6969
8648
4479
498
1162
9229
2725
9917
8650
4514
3747
8723
173
3349
5828
7153
3253
223
7928
9703
3950
9930
9645
385
8191
1276
7802
6635
8209
4321
6878
5179
7521
5909
229
8583
9690
7406
3152
2992
1920
6799
1715
6545
4700
2095
8250
2506
6770
6179
2209
720
761
1854
5557
8852
3030
7911
5487
5792
6784
6917
971
4305
7378
5652
7441
1720
3058
593
4612
9430
7293
6227
5975
6545
8222
4225
8951
4993
4956
1161
265
5617
7467
5723
9021
5050
3634
4509
842
419
5978
6265
9176
7909
1917
6617
9529
9427
1763
4142
8857
3608
369
4832
153
3144
3609
9005
2689
3118
4718
2854
8635
6737
3129
7657
1787
1316
6718
7081
6187
7248
7898
5363
5157
4367
6533
4687
3794
8196
8729
2651
6356
3650
2035
6409
1346
197
9966
3935
3215
4684
1342
1850
5974
4371
4059
7661
5587
5329
9295
1774
7130
7193
1690
2287
1561
8123
1526
5255
971
4807
2459
7227

