512
1868
8557
7703
1329
6390
9587
6864
4285
4612
7755
9768
1644
9530
7923
4975
7109
5813
9439
2763
7029
9436
6483
1034
5035
1578
7855
7610
1773
2101
2667
8339
8421
5776
694
4303
2166
4833
1167
1004
3997
3475
772
5542
7557
3247
517
9218
8961
4508
1981
642
3944
3016
6128
3532
4495
3983
5694
6168
636
8261
9059
3610
4038
4306
7813
756
9039
3532
1660
7589
6907
6885
3131
9016
132
8100
8235
3645
7160
4768
8739
5656
2337
4867
9088
6732
8750
4782
7452
3939
7596
1163
7449
6186
9921
5262
6842
3613
8694
3055
1202
254
4492
4233
9170
4524
6885
2057
8070
4045
1378
6809
9601
3615
6229
3342
4899
4979
2676
6903
8818
272
7966
6267
6358
7888
6081
7753
1501
4776
5360
2603
9482
9752
1388
3304
4276
2825
9814
6898
6770
1192
8260
1023
9259
4489
8817
4158
4020
1494
1061
7391
6218
3579
3658
7129
6019
4292
4882
2072
3620
242
9127
3102
9894
515
6306
8722
7792
6120
273
9114
1864
8433
4690
1123
7474
3507
9733
1494
4901
5346
8785
1120
8826
6996
8149
4845
1288
7583
1470
4808
2377
597
2462
6823
5565
3320
5545
3357
9341
370
2472
5757
8703
7062
6781
829
569
6514
2224
9923
1861
5561
5595
5239
2557
3744
4636
8297
5879
6006
7657
8156
6504
4671
4979
2069
7892
5076
5326
7233
5347
2350
2990
8602
3964
4323
9332
8986
838
6108
8909
7151
1669
4504
2390
8679
2800
1578
1628
3231
7485
9186
1387
3989
3857
918
5958
1749
5894
5836
3534
5793
2739
1077
4396
6603
5300
8280
241
690
4388
9050
2393
609
8106
9235
9188
5458
814
817
8589
8199
4555
4528
6740
2964
5346
7250
9166
5793
3086
7252
1586
377
8229
534
1533
8082
8714
1674
8672
7654
5277
5618
8164
7935
4853
2004
3394
5567
7273
6535
8318
1828
5616
5058
9245
962
2308
8411
6655
9847
5663
8142
224
3893
8576
1657
6527
1943
3232
5199
9497
3061
5369
2313
996
223
4218
8842
342
1491
5378
8561
7772
994
3619
7017
6408
480
9980
3064
327
5643
5758
5003
4088
8886
1213
615
829
8897
367
4879
1958
5636
1744
2854
411
514
1697
654
1906
1627
3767
4230
7073
1938
1247
3481
2318
1227
1097
7097
1422
6755
2101
9963
294
7766
578
5575
6663
5397
454
8521
5586
6651
1375
549
7065
7524
1103
3523
9051
4770
7653
6124
1261
3452
4158
3479
9131
5155
5129
5106
6463
1782
5069
6657
9448
199
2232
6111
5497
7139
4632
5635
8342
559
6084
5407
7984
1740
3483
1687
1062
1136
2364
2223
9041
6422
255
8172
6129
5284
3278
7144
6966
2899
8353
1066
2999
5138
7077
3048
6829
6261
3235
5171
1372
9219
5130
3908
5511
8513
5496
6474
4202
2412
8597
3243
3386
8752
5967
4067
8588
3798
1212
206
6597
4117
1172
4148
9155
2801
7096
5984
8962
331
5707
4887
4103
838
8695
9514
3903
8743
5988
8005
1155
9138
1248
8993
2542
1768
3061
1131
5466

