512
8813
3239
7570
9118
8028
2219
6703
9160
4549
8807
2903
6672
4398
390
8297
1783
8813
3133
7788
7258
3969
4483
106
4712
9752
7755
8447
7868
362
5890
9533
9076
9029
1756
2846
1709
3875
4101
869
8324
2908
3672
9548
7207
3962
2497
3542
7328
5530
1330
4586
9400
366
9144
4112
118
6900
7111
2538
1814
3001
6624
890
6583
8280
8188
2844
6707
2289
8166
9584
5098
1838
3784
6857
353
6182
399
2233
6264
6182
1371
316
6448
516
4328
1118
1968
5992
8109
3682
8893
4733
9025
128
3013
7213
2873
4272
9403
5591
3856
9053
7329
2193
562
2234
8275
5413
8919
9091
6147
291
9308
2595
5259
8188
8166
7127
4180
6275
809
7626
1008
4386
7654
8473
1600
5079
2745
5555
670
1154
9160
2552
3247
4274
9238
6074
9587
8158
5165
5735
3001
9025
2882
8160
7214
1048
9839
5946
1875
648
3572
7335
9487
5779
5808
1087
5410
3106
1194
633
4160
354
3085
1959
4528
6875
2585
8667
5033
7650
8954
2586
1328
1837
746
3094
7337
585
8940
3765
5686
2513
1100
5173
2844
6809
812
8154
4467
1906
8687
3179
6712
6324
5038
5792
3200
7523
4459
2785
9725
3414
5272
5605
9703
570
8599
1692
1056
7540
5357
1294
4605
6358
1019
7349
7719
1731
155
2186
8089
8743
9817
4801
5067
4855
5145
2819
6930
9504
5505
1307
7470
5329
6813
1825
5799
5412
3418
1407
7504
8675
7153
2109
9585
2724
4010
1956
4355
4066
8594
6996
2809
8411
6349
2428
7818
1494
9700
4748
999
9757
5956
3021
5086
7321
4747
5437
2733
8065
1397
238
1392
3102
6799
978
5727
810
2834
9982
4776
1429
1631
2137
4392
7880
9017
2211
9275
8717
6859
4826
8474
7367
7747
8112
4688
7046
3550
1974
5111
9399
6664
1056
2501
3463
1934
8128
4173
9220
2763
3501
5201
4294
190
9494
2174
9108
1705
6001
7825
3116
827
6300
484
3127
4412
9624
173
2514
1598
9737
1913
8162
793
4315
1626
7179
2443
351
6399
9658
8305
6153
3952
8395
5647
679
7503
1904
6580
5329
4920
1960
6181
9856
4987
5145
9481
9612
7560
5631
9349
4025
3794
4694
2892
9872
1873
9788
4775
2825
9446
3080
3530
3399
6028
3729
8530
3531
5533
5110
3412
5005
1622
4145
4862
6509
9191
8895
774
1403
9078
4675
9880
2872
9270
2773
7296
5695
2561
6624
3072
2007
4256
6502
9858
284
231
8388
8268
5664
8051
6232
5222
9573
378
4636
735
4121
3531
1409
5424
2609
5984
5304
9934
9806
2629
1882
5502
5090
3058
3126
1650
7215
9529
1508
2051
9660
4449
319
9877
2500
6452
9651
6625
1382
4287
7260
5403
2370
8569
5379
9431
9106
5235
4017
8912
7765
452
8966
2855
3410
2093
8957
625
6174
5018
7129
486
9367
2000
363
6419
3004
4566
3044
4286
8753
305
9589
1123
3426
9520
5107
2532
4756
9024
5997
2521
9376
9515
9828
2787
6160
3438
7864
2334
8356
4993
2721
2375
6894
7536
3346
9798
2103
942

