512
6672
2175
780
5790
5538
5765
8469
7064
1002
165
7251
2401
1729
4272
4339
882
9909
285
6834
127
9831
7868
8635
6110
7667
1322
6788
5875
6459
3696
5343
7683
423
6023
8026
5862
6340
6495
7478
1894
1212
4729
4196
2841
8901
3087
3623
3462
7824
5009
8041
7656
2877
1328
8318
5097
2550
5106
972
3561
8702
867
5797
3677
6790
3823
9439
7682
318
6917
9477
5982
6199
8225
8723
9652
1312
2346
7667
3689
7255
5708
5897
4684
6937
4215
9681
4039
3873
654
7501
7127
1421
3298
804
2764
1673
244
4998
6443
1713
9027
2425
2464
1904
1148
2117
7669
7946
9684
1358
9753
9944
7155
4437
6881
1370
4119
921
9695
9225
2974
6822
5198
824
7526
7862
2397
7670
7413
8740
9284
6440
5717
6300
2897
6765
8317
566
9263
2653
1824
9016
2598
3531
3453
4031
9353
7472
4852
9048
1349
2378
5870
6448
7654
3396
4310
4603
1067
6275
7895
4903
7268
3612
1203
165
377
4073
631
9540
6626
6907
3208
3776
438
6562
7708
9691
8586
7112
8739
9836
4043
9161
6284
1697
2557
5146
6201
8076
1422
4096
7531
3242
7609
3287
3307
2538
7260
3838
6631
8438
5297
9739
6767
5635
6301
4475
9878
9440
6139
3269
9276
182
2430
212
1780
4887
5258
2533
7516
1232
6529
5047
4374
8690
8234
7581
1229
146
5971
2412
3137
5820
2151
4456
6007
3005
8831
5885
6997
9522
3706
6273
9605
6036
1037
1385
5476
6195
3818
2992
1980
4899
2591
906
3590
826
3040
9271
5424
3563
1683
3113
9284
8286
7469
5291
5843
952
5729
2840
475
9335
3665
9980
9924
4602
5917
5400
5350
4287
8292
7230
3738
5435
2688
7228
6161
5628
1151
6138
9092
7286
3803
8376
5573
1273
8219
5968
2125
3948
3361
7052
7836
6926
7032
7760
6081
7501
3160
1431
1788
6004
3213
5427
1439
5801
7207
2153
1430
8259
2843
5074
197
6546
8002
322
7719
6221
6191
4397
4722
9452
1449
2558
1030
3034
4870
7011
535
2582
2994
6776
8486
6107
6755
4477
1909
3962
1182
7791
6773
3925
7417
6871
472
5419
7093
2743
6192
7836
1692
914
1940
7594
7924
2871
628
7346
4434
5615
9828
7329
6943
8314
7988
3698
7344
4449
2213
8426
6792
8886
6904
4209
409
1928
9528
2055
4571
373
9791
816
5739
1732
8310
3664
9055
3490
5562
3489
9005
5391
5370
5949
8257
7911
4199
5601
2360
6312
8580
9053
9751
5484
7814
160
7312
7343
2115
6435
7616
6459
7151
7907
8091
5461
1571
7146
8851
7034
5187
2509
6977
5110
3010
5234
3021
1761
836
9833
7974
3968
8886
2377
9352
1353
2437
6664
8596
9005
7651
864
5464
4803
8671
8107
4816
4795
5253
8220
6381
4992
5281
3358
4654
8191
3144
7575
4504
3880
2061
2478
7748
5499
4755
1752
6752
1745
2968
9900
750
620
764
766
9875
3988
8773
4691
3335
8578
7463
4268
3570
2744
2178
2777
5487
5222
4904
9892
3655
6865
6922
5955
2365
1678
7608
9017
7875

