512
4326
5528
6954
8992
2935
4994
7770
3138
1341
3407
6613
9447
3912
4826
8850
413
7236
8776
5607
4097
1485
6206
9881
5920
1405
194
9469
2618
4721
9552
3980
8947
5080
5487
2591
2567
5033
362
257
926
8221
6771
373
2133
6149
9123
2447
7937
2551
2606
6587
3936
8713
6468
4409
4670
1214
3878
7188
5835
7982
5721
9335
7614
5760
1926
182
793
6740
339
1619
4962
1662
1892
1647
7711
5567
8546
301
2670
1153
6788
1158
4418
7808
5467
8988
8923
3897
829
9310
1879
6450
8645
9394
2210
5124
9476
7455
6416
4367
8974
1378
5930
5418
7478
8193
5537
6024
8394
8107
7077
5182
9165
1495
7543
9185
484
1118
3082
1213
428
4862
2215
3626
4256
4325
3302
3732
1780
9618
2651
5306
5549
8481
5276
3027
6675
813
8951
9621
3472
6029
9356
7189
2076
6899
6374
2460
7917
9357
8125
2897
4219
340
6423
8375
9117
9625
6659
5449
3896
9210
755
9345
2344
5931
2372
3571
1296
5875
3192
4668
6456
2548
1858
8433
3999
2784
5445
6468
2141
8123
9266
6260
3015
5689
9187
2133
9867
498
7482
8315
4261
2790
7660
6505
3273
4584
9976
4470
5011
7720
3690
1468
4821
100
4453
3372
2785
4450
9741
4826
2573
9007
5639
5489
9248
9378
7522
3767
9777
9556
2082
4038
6898
4294
5095
172
8778
9623
9094
8342
7343
2784
9710
6716
2785
8715
9989
5470
3165
9730
4848
5639
8737
487
1128
2637
4418
3202
6305
4195
7310
8287
2785
4209
2582
7780
8833
5912
7403
7927
4254
9298
711
8516
6015
7948
7231
656
7970
397
386
2819
588
3675
7758
6168
6212
2176
9270
2517
923
1232
5357
3608
5341
7839
5940
4174
3751
7895
6653
2558
7194
1917
1074
7761
9765
8206
8317
7736
3155
3255
555
3643
1482
8213
9711
7594
4942
3633
4664
5765
4765
9921
9274
4659
2412
9766
3385
6063
7662
9939
3173
4856
1856
4148
7169
1621
2354
5486
3909
9961
3293
8916
3604
4675
1782
7867
6821
6624
1500
1485
2389
817
5958
6215
5376
8270
5982
8662
8886
8196
3253
2059
7604
5009
6107
4773
1182
3013
4811
9544
2974
8004
8460
1130
7231
242
8897
4052
6766
4949
9990
3708
5667
5948
9823
5595
4219
457
4257
3105
3205
2062
5064
809
6971
5724
5482
2706
8637
293
2250
1612
2849
710
7194
4632
5405
744
8585
2171
5593
3227
431
1260
9075
4807
1408
7846
9716
5565
951
2922
7528
568
3631
9051
6192
9014
6309
9381
3859
3111
5545
1261
8274
2740
5793
3679
3384
8930
402
8877
2157
734
4690
1233
5441
5998
3631
5157
6115
9035
7979
8195
9503
6163
1899
347
9729
2760
9628
3588
5772
5174
9301
4046
7814
5095
7625
5750
8577
2579
9179
735
3213
3869
6420
3206
4419
9951
8264
5087
8986
895
7834
3141
1610
9633
3388
1339
2394
7569
9380
2718
2743
8681
6664
5109
8328
8841
859
6906
1420
9938
7541
9086
8360
3961
2292
7331
8464
5108
6970
7451
5904
4805
5144

