512
5866
5345
5588
851
7815
9787
4312
7825
945
3660
636
525
4845
9404
5002
8520
3258
9185
4929
7769
8163
3514
4438
2253
1948
7237
4554
494
1408
9339
4444
7174
4684
9932
7925
7051
4371
2237
9428
5216
450
9964
293
5195
4020
5195
8267
7179
8932
3197
4948
7096
1263
3939
9249
3111
1176
8355
8057
2484
7694
2501
4210
6930
6985
2136
8534
1357
8825
7962
1125
9175
2579
1319
8923
6499
6414
7190
3678
9899
4939
3179
6995
6102
7018
896
3766
8094
9152
1823
5130
1498
8777
9240
8329
5762
5928
6863
7019
4754
9377
8045
8481
6508
3916
7404
7560
4882
9147
1238
4781
4086
4317
6328
4741
5887
7125
8407
8533
929
230
3663
6879
3559
7456
5208
9222
3384
6623
893
2690
653
3490
1172
7061
7306
3128
4621
2189
2275
412
1522
914
9181
7751
5555
5069
9428
8514
8154
4909
3296
1818
1788
6756
3826
6897
630
7110
8072
1423
4353
8625
9366
5425
339
1324
3105
9412
7965
5281
4376
9388
747
3558
7139
854
3179
1219
9268
1333
6028
2564
7603
7716
9220
1429
9165
4402
3092
7238
5726
7345
515
9644
7322
5306
968
427
4719
8834
260
3647
8222
5459
1757
9913
6213
9388
5684
5481
5274
1712
7946
2877
3980
1818
8759
3146
6121
6403
4936
6399
8300
5351
6043
274
5210
1563
601
4481
397
5314
8028
3171
773
9686
7636
1539
9074
3320
6920
4348
9484
9418
1778
3465
5789
5089
1163
6462
1492
5999
2861
9692
5902
3456
9866
1112
4919
5019
5493
5217
4885
8074
2940
211
2412
577
1650
1486
8349
3122
387
7834
7093
6617
1299
2882
1706
2362
9244
7650
2913
2105
1994
8715
113
6412
4380
4932
5983
4425
4701
869
7051
7542
5532
9363
2671
1734
5402
1020
4756
5689
8754
1849
6858
4605
4631
8464
6867
8427
6114
4332
5084
2660
7600
5097
8972
1980
9930
4955
957
4631
5724
7909
6725
5808
7272
9296
7442
2674
317
2199
2915
8971
8500
9673
3577
7684
2789
4996
6111
3455
3881
1196
6015
1481
6193
4987
7913
775
9843
3422
9859
219
1331
6584
580
3156
533
7922
382
750
4673
3198
4273
3174
7423
2402
858
4765
1951
1521
8120
5732
2617
8688
1765
3363
3675
9578
4038
8070
3000
3897
2842
8784
5034
3322
1940
5467
1244
6774
769
5818
4524
9494
3544
1948
6449
8854
1265
8300
375
9285
8584
2893
2625
349
6156
6201
4479
4746
8823
2031
3196
6217
815
8130
9439
7207
8149
5236
3982
3470
5606
8406
7516
9050
4906
3965
2556
6071
6817
2831
9909
9953
276
7086
302
984
7839
9233
5631
6663
1265
3379
2880
6532
1509
6872
3740
4210
2108
2274
2232
2266
5232
9648
1316
4691
8166
8324
5314
4983
1155
5223
4937
5884
6862
9691
6768
4701
8925
6951
1364
4742
330
8697
1274
6291
221
9466
5053
2229
1740
7185
8947
1525
6834
4815
6116
9552
3139
1430
4535
4194
1206
4024
4630
7968
3716
1399
2669
7193
2902
8486
1935
3133
1835

