512
2893
2809
5545
487
3859
7579
5409
3347
1523
8878
6237
375
4246
3375
3180
2416
1777
2428
6342
9483
3345
5883
4702
3270
8103
5118
1706
1742
7197
2925
3824
4642
286
9270
5030
4046
1501
4991
7293
7477
8421
8083
2404
2667
1458
5484
9536
3135
7813
530
7170
5710
6314
1872
8880
8969
6890
5138
5263
8639
2615
8988
7834
2802
2910
7416
1400
8863
2407
3245
6340
5380
1328
8644
2599
2686
8681
2135
374
6494
2566
7444
2204
3432
9217
5637
6953
759
775
6768
3951
3291
5756
1785
645
3218
9101
1945
2082
6060
5090
8322
1440
6319
1619
8491
3557
300
5179
8383
1346
2297
480
3450
281
4249
3639
7134
4908
4315
3902
3411
7506
4211
9648
8051
7329
8749
4548
3963
9361
9538
6838
5353
509
3009
3845
8519
3209
8924
1554
4455
1221
1934
2457
1402
6083
5997
3088
5544
4864
1542
8855
6922
305
8504
9525
2187
1905
4073
6050
1267
8163
2888
6520
3225
449
4917
1744
3558
8393
3198
2565
9514
5033
9475
5468
5668
124
3108
1212
4888
4551
9968
6362
9308
3124
5887
1495
9481
9860
7446
748
8023
4886
1821
1248
5236
1290
7444
3346
9584
5195
464
3750
228
4491
9119
5796
4515
6779
1561
3955
1330
6081
317
5191
9105
756
6586
3238
616
8584
3887
3191
3471
260
8892
3259
1450
988
1157
5586
6083
6073
9237
863
564
8356
1212
9531
9687
2673
8038
5570
8654
2907
761
2411
3563
7247
5549
8631
5832
3988
6375
3855
8700
9819
1666
4703
807
7275
289
6791
3349
9426
2206
3813
2434
3318
7897
2122
543
5935
7592
9097
8743
2905
6060
2306
152
6162
938
536
150
1865
8843
3403
1684
509
8006
2391
7685
2847
3734
1034
2274
5841
9299
9160
3711
7196
5834
4155
3132
7978
7804
6427
883
3865
8633
5488
9927
4123
5924
4629
5888
4768
7932
7472
9729
5938
4416
7414
8686
8050
3000
5512
8443
6852
9224
2155
4048
9611
862
1732
7589
8566
8059
3025
2431
1345
8413
6910
5368
4337
1540
5809
3657
4024
7833
3387
4515
6801
801
7753
9404
8254
7817
7847
5106
7041
4554
3706
6652
5316
5339
8794
3883
7950
1819
866
9195
232
7677
9116
9021
3769
9477
2679
2345
1962
5966
6760
8664
1319
4513
8068
9473
2330
567
9131
3924
5022
2838
5128
4890
2729
3922
3325
679
5641
4092
4427
425
6321
3543
9347
4642
7572
2026
6887
9434
7892
3648
8098
3763
2713
818
3237
9496
5838
6920
3420
860
4310
3100
302
6939
6923
3528
2171
7116
2172
6498
7442
8393
4593
6789
3035
2165
3367
9822
6151
1259
8022
4250
9474
736
9520
7263
232
5358
4184
8104
770
8394
1204
5525
9886
2679
8953
2057
9696
1125
8455
7138
9418
7600
8479
7005
9665
1846
1479
5816
7557
9402
4618
7031
138
8691
4295
4822
8601
3031
7478
9272
1425
3234
4797
1311
5814
8302
7820
5510
3979
6275
7200
7949
8427
331
4954
8092
2077
6333
8461
9534
5735
7631
1217
425

