512
3868
1829
2461
3245
7622
8256
8823
4814
4344
7113
511
6731
1416
6106
6938
728
4518
8877
2121
6826
8851
8517
1226
4102
1234
6326
587
149
1573
4563
6228
9894
6292
8589
7691
8466
6846
6515
7833
5742
3628
8244
2474
9496
8902
9312
224
7972
2842
2245
4799
6245
762
5925
4899
6448
6803
5386
6498
2929
9850
7278
2823
794
5868
514
9161
7266
1581
6994
7560
9661
5238
4586
9157
4140
8451
3934
6665
1293
6079
1464
2090
1394
1941
6889
7742
8645
2275
8792
1574
6677
6071
8849
7372
6491
3915
1185
8309
5397
2731
5869
5058
2521
5008
8768
6561
3459
2702
3226
4652
3333
9142
1294
4627
5636
8083
6922
4281
358
366
407
6936
989
9156
8860
7380
3071
9945
341
3020
2676
763
2631
5097
5671
1399
6210
9030
4001
3989
8234
7234
7683
9428
6414
3319
7511
7888
2152
2421
8154
2459
3909
3696
6167
2769
1076
3791
7266
5870
6711
4494
6533
9242
9491
2204
5193
354
1234
3746
8795
4020
5533
6478
3448
1947
9698
5511
4387
6402
7832
7093
8762
6294
789
4929
8963
6318
8620
882
2188
9884
5276
8621
9126
4768
825
8872
9574
6511
2618
8369
531
8051
4847
3879
4550
9097
3942
3489
5500
1774
583
8814
2620
1272
3743
6136
7490
6916
6918
9578
6800
2194
2851
578
1514
3576
4002
1088
9987
6521
4009
5070
9124
3409
8849
8227
2506
2791
1716
2558
9018
2199
5924
6190
7924
9568
2326
5414
1136
9144
9545
2488
1339
2396
7518
7305
525
1521
8294
5064
7942
2303
135
1718
264
3536
4497
2671
880
6114
9681
4450
2865
5606
640
5341
9726
2867
5308
5414
2011
4853
7802
7802
1801
5320
5108
2226
6741
7954
7191
9235
4809
1878
954
4974
5314
9903
2197
6094
6017
6430
544
3435
2036
1085
8676
6314
8404
3984
1728
4967
3389
9430
2770
5091
9303
2430
1869
6044
4936
8960
9832
9645
838
5338
9171
705
5241
1368
6699
1259
7699
7144
9146
4287
2781
7822
602
1185
1807
6782
704
5096
865
3374
4739
168
356
6509
764
5192
121
596
9390
5412
5834
8561
6017
1076
9830
2716
6787
2181
4412
5933
6368
1745
8307
1522
2830
4666
2857
3435
4315
3622
1361
8954
8242
6170
5463
8906
1362
137
4055
752
5449
4441
9214
1466
9969
3696
4082
6756
5777
3047
7241
6697
4692
201
2772
2075
4767
181
9962
8982
3703
5875
2589
6497
2045
2604
9955
3308
2641
4010
8512
7990
8352
2378
4008
8321
626
7991
9630
955
5590
1523
7553
282
1624
4877
6809
6292
4958
6771
9826
3213
2647
2415
4262
4592
4920
4217
2452
2113
8128
5517
104
1132
7795
4012
9353
2974
6555
8983
3829
6697
507
1382
6880
6583
811
3689
2875
321
5013
7254
7986
7560
4221
2248
6704
3693
1018
3709
5707
9046
3778
363
4730
6125
8827
4083
8999
9935
7619
2829
6632
2678
8663
3512
9161
9375
1754
6589
4248
6667
8395
2235
8779
2616
8935
135
6210
9853
8296
1917
3551

