512
3008
4307
4669
2170
408
9456
3219
9894
6285
178
2238
1447
4120
3886
5502
2810
1972
6600
4874
1868
749
6190
6998
5632
8207
6181
3208
2672
5897
450
3831
3458
9209
8400
180
4169
7856
3299
8615
8693
7929
854
4692
6602
9192
195
9312
1165
1347
8738
7485
1996
4929
9035
2181
7688
5216
5289
4912
5665
292
8643
9023
4053
1695
9104
8123
9451
6955
6738
2797
9437
2144
7389
6039
1337
2136
9903
2402
3383
3293
4439
5280
2774
3474
7361
463
8590
7202
9827
8807
7394
3123
7831
6000
4718
1587
8675
8722
3094
9965
6071
2531
2110
3460
3122
3347
5497
7577
301
8780
871
4640
4060
3545
8014
5973
8460
1256
3176
2940
9963
5122
5963
2446
5674
5233
3933
4349
8507
1580
4315
4578
8563
6325
2591
1686
4224
7988
3815
8977
1420
9138
3617
9933
7236
6183
5906
5696
7339
3634
3188
1954
8657
3703
4301
4331
8837
2786
3233
1996
4266
7448
6475
7382
8325
8966
8968
7101
1606
7335
6078
2926
6474
4247
2859
3710
430
3318
3958
2321
6852
7047
8727
161
750
3028
4393
4139
367
2178
6036
9085
9526
7063
6467
2503
681
9987
9504
2187
7323
234
9565
3797
4381
2425
2059
9263
5643
5917
6136
7047
7516
4863
7109
2819
2444
6054
6858
2711
8132
7446
1796
7658
4509
2816
4713
9642
2803
4217
1829
4678
8903
1395
3027
7836
8272
4986
7099
8467
5456
3235
5514
2972
2650
7175
5691
4994
3229
7102
2257
1361
4548
8506
3571
3610
1322
8184
3252
8577
6953
9534
3256
5856
5481
835
3692
8305
5722
5343
6772
5730
3130
6838
8602
5681
4014
8846
5227
1795
5948
7385
3057
5048
5891
6528
3210
7113
9265
6363
342
6218
549
3498
6627
5930
4234
4871
4235
4508
4767
5559
238
7797
6949
3392
8030
963
6790
3258
2659
2738
643
268
2339
1086
1348
5449
2751
613
6364
2993
1384
6813
1044
2563
7295
5178
1986
1530
4238
6653
1641
4376
9003
8491
2320
7033
4006
9011
4843
1217
6301
9938
1385
8540
1024
7186
8542
3675
2351
4906
1221
8187
1720
2165
750
8915
1895
7189
4998
6033
3842
1191
4961
7397
9582
7181
8983
8141
844
3826
9258
1698
3765
5196
238
9241
2382
3332
7469
4633
8139
8590
2821
4411
755
8023
7878
2550
9764
7428
3135
8159
8520
7996
5556
2754
9729
4539
895
574
8266
154
2172
6583
5250
6862
476
2184
4747
7845
1369
2886
1087
4090
1849
6294
6666
4279
3396
6430
1708
6431
4589
4780
8979
4698
7434
8709
9137
8230
3835
2055
2936
559
3190
2738
1973
3567
4822
6620
5964
743
4058
6952
9286
459
3246
5952
4639
6543
6934
6247
7526
6076
5579
6506
774
3013
5215
9811
5795
3602
6419
3283
4061
9509
5921
586
3076
5295
7107
3593
5939
5717
545
5225
6077
8243
5729
716
9338
2663
1515
6865
3291
6994
3371
3965
4559
3138
8329
355
1292
4748
8090
9805
4257
8564
391
1886
3859
2050
5379
4350
7668
476
4127
3745
8619

