512
4399
6703
6117
5864
9666
6453
3117
1991
8790
6517
2984
4600
8490
7000
9861
8093
2310
5348
6894
1655
8729
4979
7791
5783
4435
9890
7709
8059
1595
9269
8400
546
5972
4518
962
290
5523
3980
2181
8866
5049
5065
3466
3539
2065
3327
1633
8828
3228
3079
483
1957
7959
2826
2292
6946
2717
4554
5005
8764
3823
3406
9210
9695
2476
172
9885
2551
8604
6618
1417
3653
6236
4784
1745
8201
2663
3278
1681
443
909
6616
6852
8768
9343
9045
5714
6612
3599
5272
5376
7322
3230
9138
1669
5606
9210
6106
8057
2467
2724
4027
672
8860
3363
2317
1714
5926
147
7847
6270
5509
4464
3122
4277
8359
6719
4544
4971
318
4368
347
2192
7498
9385
8313
7656
3247
4419
365
266
1696
4292
839
5108
7555
7608
6722
8034
2308
9122
4304
7717
3586
1978
6546
6497
8598
1090
1468
3468
5358
6267
213
7408
304
8426
5064
3451
7398
5330
3618
3646
9522
8909
8654
1730
6517
9929
9664
3377
9051
3968
1094
7189
498
7541
3686
3648
3183
9606
1669
3094
5873
1782
502
6077
4760
5467
4080
6710
5349
2250
356
4871
5711
3563
1153
6781
3492
817
158
7095
9237
1153
4284
9636
8594
2522
7836
6329
2128
9405
9323
2553
1187
9726
3182
500
9745
7162
7110
5094
3965
2019
4517
9576
5482
5571
6357
3526
6288
6416
5173
5526
2121
4009
9714
5267
6431
2202
1596
3111
1608
920
5564
7247
646
8646
7647
391
5808
4758
9937
4325
1329
4454
3902
1363
9925
4811
4789
866
5779
4514
944
7800
8423
658
3067
4854
7312
4564
7865
8820
9936
3429
6068
5134
6627
3715
9977
6987
3025
9914
1313
4254
4368
5115
169
8846
4478
9410
9612
258
3924
556
7958
2347
5666
5578
7101
2978
4694
9518
6351
9182
7499
2419
4316
4126
686
4293
1114
3612
4207
2327
2418
3127
1994
2488
1973
1024
1898
6137
1182
375
1245
3693
2622
6811
3823
4276
4342
8417
8346
693
7599
5846
7564
6467
4524
8150
760
5538
6314
9419
2417
3285
2546
8863
325
8972
9788
6675
9661
970
6950
907
9115
9473
2270
2938
8301
6512
5907
6647
1757
8058
2493
9221
4525
6918
7372
9737
7008
3686
9156
9326
6871
6255
8189
7096
9779
2629
3772
9440
8052
5274
347
7167
4747
2518
4658
3048
3582
565
9596
5240
3176
6641
4461
7601
3559
6385
1991
5120
4624
1147
4446
1495
1954
7187
3144
1733
4369
1468
1174
2421
6642
5973
9488
5942
8391
4146
3542
1974
9164
3138
1766
2340
4332
6127
4493
2443
2513
6384
7463
7037
2084
6461
3084
3938
8201
780
5572
2570
6700
6646
4891
7895
7171
4379
3837
5563
3078
7279
2089
2242
4970
3755
9034
9202
4434
3527
1645
1499
9812
3661
3088
1896
122
6073
386
8223
1405
5858
793
8006
7056
5584
553
4228
4516
4290
4343
7494
6121
6332
4288
1091
4639
3322
4845
8973
6749
1043
473
1213
4604
8013
7561
9178
8638
2500
7402
9944
8258
2747
2602
9867
8232

