512
3708
3823
8811
5035
6084
6214
3429
9704
7485
4424
2590
8029
6416
732
6154
5528
2544
2079
7218
3863
6414
7939
3654
3073
1466
1190
1173
4927
4825
457
2318
3085
8732
5681
2672
4817
1896
6001
9073
9281
4977
6216
7310
1393
6848
3464
6822
3944
9996
4040
7707
6410
6532
1361
9384
2550
2452
5109
7377
1829
5466
4247
4814
4199
9829
2038
3568
1725
7939
2641
5558
2917
8757
7421
8762
257
5437
236
4101
5433
4177
1808
1844
5261
7622
1228
2363
9974
889
4292
1803
6255
8439
1169
5006
2920
3107
8474
4545
5598
1116
4656
8415
4425
2077
1830
4583
7414
1966
3236
2848
695
4945
9144
5856
2567
4924
8119
7093
5713
6963
3448
1968
5403
4517
1527
8223
2176
9901
7321
7674
5569
1977
742
4547
8506
7024
9030
5920
8890
2266
3320
9486
1763
2464
9894
8782
7288
2666
5875
7553
9529
9223
9422
9484
8292
5501
7708
5020
5402
9581
2695
5524
6110
7889
9971
4616
4913
3653
5088
8355
5819
8309
2493
2135
5325
6940
917
7166
9506
1345
4719
3687
568
8693
3172
3413
4194
5432
8333
9497
9565
1028
5021
5675
3469
9544
4843
2934
3197
9831
5842
3568
2792
8235
5603
2670
5175
1073
9736
9233
2318
4455
7473
7338
3149
5197
751
7243
629
8985
1392
4746
4565
965
421
2587
509
9716
5421
3606
9547
1263
7075
6892
4051
7230
9462
9126
8203
3850
3012
5073
8205
485
2412
5906
5582
3063
3150
763
6600
8994
5409
1166
9860
382
3653
369
9998
3626
8428
9545
4790
155
1089
8741
7285
5103
2519
141
8853
9983
5114
7059
468
2078
7517
602
5042
667
1265
1642
4214
6574
7260
4074
6856
913
8895
6854
4440
1975
1052
3782
2030
6593
7075
3868
1697
4146
3909
550
4130
3575
2161
4498
206
9579
9553
9700
4798
818
1342
8912
1945
3155
7538
3353
8520
1086
4760
2960
2961
5712
1294
9444
6857
2921
3312
8454
6968
1773
3557
1098
9800
270
148
9906
4401
9601
9606
9100
4972
5501
2664
6817
3208
4755
170
1728
5741
4830
9141
3254
5094
435
7250
6504
3257
5114
9510
4777
1439
3067
5775
1240
7790
475
5698
2191
4629
9857
5843
9501
9910
3060
970
3118
7715
5592
4746
8008
423
3887
5814
9969
8775
3065
6473
6584
8079
5984
1361
9419
3603
7036
5211
1393
2063
5461
8037
6592
9870
3880
745
9780
6840
1615
7450
9107
7108
6749
7115
2083
636
2930
6604
3963
547
7630
547
3178
3614
1808
7149
1769
3396
6912
7615
5360
2374
5652
6504
2244
4084
1802
6577
5477
3317
4027
4584
4977
776
6252
1612
5865
3734
8117
4380
4181
5747
4828
7259
3913
6536
8961
234
4485
5873
7749
4397
8147
7953
901
4944
2038
2603
6073
7415
473
100
6551
9902
5329
2803
1515
5746
6437
4184
126
618
4483
9406
2430
2948
595
1391
3082
4980
7164
5384
9277
9864
3337
4730
4808
9827
1886
881
1894
6811
5433
8346
6713
5314
1149
2780
5612
7487
6864
291

